success,function_name,was_cold,worker_duration_us,code_duration_sec,e2e_duration_us,tid
true,float_operation-0,true,4602853,4.456147909164429,9586165,29b9551ato8be8toedc7to4018to6b27ba3e7c75
true,video_processing-0,true,12369446,11.478172779083252,16841718,cb8196a2to82dcto28e2toa7d6to2e370a3a8251
true,pyaes-0,true,3992064,3.8368821144104,8813479,4710321btocb26to6b9atob668to18194e9c664d
true,float_operation-0,true,3463530,3.3679938316345215,9154171,8e61c341to24a2to1d56to1144toa40f5e4c482e
true,float_operation-0,true,4340251,4.189429998397827,11713662,6e5a9eeeto7a90tob4c1to3638toea497b92e22b
true,pyaes-0,true,4214839,4.0524001121521,13315166,9df4933btoa150to5d81to54f0to1fb6f5520a28
true,pyaes-0,true,3104919,2.9462389945983887,7901435,6c907a26to57dcto86e2to7911to06df3e321c93
true,video_processing-0,true,10395900,9.531917572021484,15958205,eb930e3dto6ed3to648btod954to694674d3f883
true,video_processing-0,true,10447767,9.872957229614258,16281309,adc5b505to7744to95c5to1348todb635747714b
true,pyaes-0,true,3423305,3.251436471939087,9221811,b30ebed1tob2b0to393ato1fc9to8a7c206cb19b
true,pyaes-0,true,3417332,3.2493510246276855,9844945,65df3fe9to11c6to7432to9871to74ac1a60ec73
true,float_operation-0,true,3407938,3.298651933670044,10638886,2c281f04todd56to2804toac7dto6117b2632b70
true,video_processing-0,true,15515171,14.734048128128052,21842530,eb631f5ato488ctoc927to382eto57b784b6fca3
true,float_operation-0,true,3652262,3.4963042736053467,10609653,5e2ebdbbtob77cto1dbcto6a20toccfabb4611d1
true,video_processing-0,true,10566032,9.39989972114563,17226566,17a14979tof1e0to336dtoc402to6a65278ca324
true,pyaes-0,true,3612702,3.4500670433044434,10606944,79aea7d3tod816toe9a3to9738to15d129c8af3f
true,float_operation-0,true,3542693,3.3933768272399902,10760120,c5e12081tocb3dto5461to3bd6toa9713659d6fb
true,pyaes-0,true,3306241,3.14779281616211,10670481,55e13f0ctof036toad79to7b3ato28a9a7e6d3fb
true,pyaes-0,true,4181675,4.026094436645508,11729917,c395a159to3f9bto65d2to1d09tob8f14a502754
true,float_operation-0,true,3231311,3.117046356201172,11165786,79f3112eto38a4to7470to01aato297ef7b8ef8c
true,pyaes-0,true,3888693,3.732502460479736,11982094,7d1eddfbtod47eto87c6todc79to0deccde31544
true,pyaes-0,true,3728046,3.589999198913574,11956372,530d8d75to49cdto5b4ato0708to535a947bf69d
true,video_processing-0,true,13314576,12.125186204910278,21679091,2a9ce4b0toe6cbto4854to3d2ato68cddd2d76d6
true,pyaes-0,true,3482426,3.3150405883789063,12288186,c3e8f339tocd09toce60toadbetoc2273aa1a017
true,float_operation-0,true,3232545,3.115621328353882,12340841,f1c1147cto8787to0d81to173ctof9c8646efcf4
true,float_operation-0,true,3415325,3.2593114376068115,12587636,e476716dto5132to8d36to88b8to75a27b748fed
true,pyaes-0,false,4050280,4.048665285110474,7759129,c9b213abto689fto2883tof7d8to6d8fa06bf0b6
true,pyaes-0,false,3377016,3.374805212020874,6656661,bc0a2f09to8c4fto9384tocedbtof002a460cd2b
true,video_processing-0,true,13879701,13.25280213356018,22085003,47a78c36to438etof1b3tocd13to479a60002bb0
true,video_processing-0,true,11430859,10.27006697654724,19449183,59e74322to6020to55a3to75c5to22faa35fedd1
true,pyaes-0,false,3417622,3.4160261154174805,8644980,9ea38365toc813tob2eeto47a0to5b2bd53e6b4d
true,video_processing-0,true,10465206,9.59744119644165,18811465,9d4f2c6dto4725to92b4to77dato8d67f9ee9aa9
true,video_processing-0,true,9689431,9.228195667266846,18405772,c27fa9e0toef0dto1877to82feto67b06fdb1f24
true,video_processing-0,true,10139691,9.696942329406738,18641156,d6cec2ddto463ftob28fto55c4to8b857d383120
true,float_operation-0,false,3381434,3.3785829544067383,9293008,5e777642tob873to2e01toe1f9tobeb4a91ae210
true,float_operation-0,false,4482358,4.480645656585693,10419498,e761cf14to0836to5c17to0beeto9ea11de1949c
true,float_operation-0,false,3474241,3.4724280834198,9549653,31b2cc07toc69ftodef9to7eedto71590a169dd6
true,pyaes-0,false,4094180,4.092307329177856,9874178,9e791177to70f4toeea5tocc4ato216ea65fab26
true,float_operation-0,false,3689632,3.6876800060272217,9312829,b8b09e15tof103tob87bto2503to26476e5c0a8a
true,pyaes-0,false,3771635,3.770193338394165,10070257,36a77f95to669ftoaa4ato0acftob26f88ae78f7
true,float_operation-0,false,3126703,3.1248059272766113,9624741,bdc9d71cto3f67toca66tob487toe0dca5da40be
true,float_operation-0,false,4230454,4.228856801986694,10734746,b802b015to6b5dtof542to5eb9to0bdd54ba52d0
true,video_processing-0,true,10203729,9.091007232666016,18012198,a84d0f85tofe33to2a41tofe6ctoce1c1663ae1a
true,pyaes-0,false,3125035,3.1235954761505127,10291072,d3d2aaa8to6e2dtoac6bto5a94tod25bf6c2931d
true,pyaes-0,false,3228148,3.2258310317993164,10230154,9223c490to8f72to63abto15ddto5915302497c1
true,video_processing-0,false,9215833,9.212690114974976,15791068,98f635d9to6d01toa03ftocc0fto420aec684bf0
true,pyaes-0,false,3442624,3.4403698444366455,9327074,9d8026bftoca81to4592toc044toad16d3a57268
true,video_processing-0,false,9181090,9.176356554031372,15040493,f4f05e54to6daato5058to56e4to0afcb5f3e6f0
true,video_processing-0,false,9420919,9.417431831359863,15083925,f1daec73to08aetoac22toe444to05ae387137a4
true,video_processing-0,true,19587310,18.507086753845215,25711803,1765d7e7toef99tof473toe0d2to783184d012f0
true,float_operation-0,false,3033293,3.0318846702575684,8519245,00d7942dto2ae4tob65dto0e1ato8119935b60bd
true,video_processing-0,true,9738732,9.18863296508789,15759195,45ea4e0eto4d0dto89e0to239ato39fc052dd706
true,float_operation-0,false,4303767,4.302081108093262,9594982,f6ec41b6tocd0etod8ebto2c87tob73278a9f047
true,pyaes-0,false,3500449,3.498788356781006,8660900,2836f6ecto40e7tocdfatoff7fto6cf8ec235787
true,video_processing-0,true,12583952,11.826712369918823,18186129,d8935d1eto50fbto8e30to9802toe99e530881c6
true,video_processing-0,true,13631153,13.162027835845947,18692221,de4bd502to5c0ctob9c9tof4b8to3ac4ce558a46
true,float_operation-0,false,2930937,2.928953170776367,6912647,e6d587e8to649ctoa8deto6c90to154cc9bb9067
true,float_operation-0,false,4271667,4.269799470901489,8809169,c6775388to9b3eto3cd1to9bfeto41dc7fabfa7a
true,float_operation-0,false,2929493,2.9280714988708496,7652429,51429f3bto8338toc21dto9cd3to7a53d479b521
true,float_operation-0,false,4169410,4.168127775192261,8445022,7c7a2c0dtoadabtoc6adtoa6c0to6dd9607ea419
true,pyaes-0,false,4062918,4.06147027015686,8567333,29061c9fto292dto0eceto9e72to5cd47d256cea
true,float_operation-0,false,3358838,3.3574838638305664,7500373,f22fa742tof454to4634to78b5to42a9b86c7f03
true,pyaes-0,false,2905305,2.903749942779541,6988299,f1605584to191eto1c9ftodb36to572821deae04
true,pyaes-0,false,3502278,3.5006279945373535,8649567,adadcedetob358to4d8ftocf5eto969ab66a2731
true,float_operation-0,false,3087179,3.0857348442077637,8365427,03edf2c2to301cto807cto2a6cto9b65c60c80ad
true,video_processing-0,false,9807347,9.80341124534607,14976879,a8b9b39atob5a2to7906tod44cto55a5325680d6
true,video_processing-0,true,9829675,9.351051092147827,15916049,c6c162ceto3fb0to393cto200dtod53d0cbe9fc7
true,pyaes-0,false,3338749,3.336742877960205,9032677,4d8003afto249dto1d56to71betoa0673d7a15df
true,pyaes-0,false,3358097,3.3563520908355713,9299659,1119febetoef85tof4e4to58feto82341544e96a
true,video_processing-0,true,10910998,10.371179580688477,17577398,c1f6c1e7toee8fto394dtof787to24a9090da6b6
true,float_operation-0,false,3208943,3.2072248458862305,8925740,3a9455a2toe06btod52dto78a6to8d0afbe8d55b
true,float_operation-0,false,3028163,3.0265445709228516,8833786,8a8d228ato8287to1533to0980toe2aaf126e5e0
true,float_operation-0,false,3142383,3.140906810760498,9010161,c7025f8eto1409todd62to005dto8dfa99a66002
true,video_processing-0,false,11074206,11.070403575897217,16718098,b2a0bf3bto92b0to4908toaf7cto5f5c655b8b51
true,pyaes-0,false,2868542,2.8669540882110596,8672467,3a082854toef93to1375toe745to3efb97e6784d
true,pyaes-0,false,4059032,4.057090759277344,9971488,ff6ef3b2tob3f2tof7b9to991dtoc56d8cbf7a8f
true,pyaes-0,false,2830821,2.829179048538208,8991590,760473b0tod8dbtof083tof0c1to7887cd60cc04
true,video_processing-0,false,8305144,8.301889896392822,14114878,f653a07btoe756todc0btoaa97to242ba610009e
true,pyaes-0,false,4038715,4.036427736282349,9873930,302c0824toe4dbto98eetofd92to2cdede71f74c
true,float_operation-0,false,3074924,3.072977066040039,8636062,991bfba4tof6a4to9851toe3b6to8d40f8df4437
true,float_operation-0,false,4211333,4.209214448928833,9876865,ae636731to3665toc8d7to989eto297c15be3649
true,float_operation-0,false,4329975,4.3278703689575195,9948794,3f13826ctoe933to8fd1to0bdatoc7607e08a88c
true,video_processing-0,false,8881465,8.877529382705688,14100648,ce07b916to845ato81afto7868to64e940994cd9
true,float_operation-0,false,3990136,3.988134860992432,9444397,cc96c86etobacdto0ed9to6e87to9893dcc8ada7
true,pyaes-0,false,2853634,2.8518669605255127,8057168,1de1b124todb5btod193tobdfbto83e15361a18e
true,video_processing-0,false,10021194,10.016953706741331,15057953,2343d9a3tod935todc62toe3dato555fb64fb155
true,float_operation-0,false,4166076,4.16399359703064,8631104,214c86a8toca8eto4cf6toad90to8ce132ef15e2
true,pyaes-0,false,2890884,2.8893604278564453,7196812,08c7f8c4toa184toda21to74ectoa5a551f32cfc
true,pyaes-0,false,3129598,3.1279444694519043,7659238,54290ad1to095fto5859to9e83to61c33d5745c3
true,video_processing-0,false,11999265,11.996234655380247,16840408,75e5e927to0974to929btoed0btof13280564068
true,video_processing-0,false,9437494,9.434365034103394,14162070,66cb4bbetof198toa249to0321to3bb251a80b4e
true,video_processing-0,false,8776965,8.773216962814331,13176335,43e5e898to320fto6ce0to3492toc6b2138318e2
true,float_operation-0,false,3032715,3.0311214923858643,7465880,35a366a8to62ddto9dc5to1fd1to69cb3a661b73
true,float_operation-0,false,2898122,2.896792411804199,7460580,7f2a9b0bto9cf9to2c87to4349to48fc8c6c2bdd
true,video_processing-0,false,9075800,9.070956230163574,13461811,bea473eftoc7e1tod440toc804tob634d928b969
true,video_processing-0,false,9570187,9.565421104431152,14403824,4be0127dto8b0dtoe040tod90fto090cbf190851
true,float_operation-0,false,3065791,3.0639617443084717,8027185,bb8e9371toc12bto57e9to6350to4763125ff3c2
true,float_operation-0,false,3261512,3.259995460510254,8067845,17c8962atoa3a8tod914to67f4to2417e7fc2380
true,pyaes-0,false,2917807,2.9160778522491455,7341038,49bbd9e9to68ectoa451toafcctoeb0983f80eb0
true,float_operation-0,false,4160784,4.159142017364502,7522671,6b066abcto4e6eto3f2bto8fc1toe737ad26fe25
true,float_operation-0,false,4308162,4.306645631790161,7724467,5f5d575eto1e2cto9f89to215ato37281f0ba559
true,video_processing-0,false,9921419,9.917054176330566,13237213,99134aabtoc527to1a02toa695tof0d6d11cb5e7
true,video_processing-0,false,8480998,8.47639274597168,12354646,ef6b1703to9b33to0c41to71f4to45d4dbdb7c5c
true,video_processing-0,false,9539417,9.534419059753418,13503745,7aa20c9eto68a4to84cdto17f4to5529c1c2db97
true,video_processing-0,false,8768831,8.766128063201904,12864465,3a43b3e1toec26to6ec1to57b4tocf7c35c5c351
true,float_operation-0,false,2950602,2.949000358581543,6657454,1fea51ectof113toe668to786dto5b272693beab
true,pyaes-0,false,2894903,2.892662048339844,6065058,67e8959ato4bb6to8bd7toe425to74f98b1278e7
true,float_operation-0,false,3283950,3.282498359680176,7111672,f077009eto14b0to20d4to669ato0d702af46b30
true,video_processing-0,false,14528561,14.525373458862305,18481060,0122155dtof352tod28atoff1fto212a209db3b8
true,pyaes-0,false,4065938,4.064157009124756,7709219,ea7a1a57to2652to22dato68e5toe723db005e1b
true,float_operation-0,false,3268078,3.266619920730591,6929599,1a9a9edatocc9ato762cto7c99to54ed3e6a8e0b
true,pyaes-0,false,4035327,4.033259630203247,7669685,82ae5623tob887tob755to59deto6b3a25a638d9
true,pyaes-0,false,3576083,3.574197769165039,7879391,ebfb9962to0e90todd73tof086to4d54c6e2b3cc
true,float_operation-0,false,4217369,4.215640544891357,8627382,f579c6d1to9dbctob3b4tod002to6d185ae15e02
true,float_operation-0,false,4163130,4.1616315841674805,8592079,815cbf1eto4efbto7bfbto7156to9878492eb5af
true,pyaes-0,false,3100242,3.098424911499023,6976335,79dc8783to2647tocd7ctoc488to7c94021542ec
true,video_processing-0,false,9757936,9.754324674606323,13510715,565aff11to4036tod3e6to73b6to4ae65fd0d7fd
true,pyaes-0,false,2999836,2.998157024383545,6676637,1f165a41to030etodff0to2a8ftof99eb9ebb29e
true,float_operation-0,false,3079657,3.077646255493164,6972684,8cf76de0toe074to89eeto62c3tob5c3171bbab2
true,pyaes-0,false,2931553,2.9299392700195313,7276907,9a660167to5189to4303to1c8ato3e5c0ddf0a71
true,video_processing-0,false,12026089,12.022470712661743,16792243,f1ca9ac1to04d8tod237to3d01to7360055975e9
true,pyaes-0,false,2897777,2.896235466003418,7835841,84ca1765toc460to2066to7e30to133b5456d19c
true,float_operation-0,false,4516765,4.5150134563446045,9694089,a3030bccto7a1cto9695tof433to0a9c93e8399c
true,video_processing-0,false,10157445,10.153172731399536,15285261,815a069dto9458tobe18tob8b6tob0478a24f8cf
true,float_operation-0,false,3065419,3.0638952255249023,8461133,f19c4d61to08deto3406to05a7to77b6af7e83a4
true,video_processing-0,false,8660056,8.656717300415039,13975228,8df2d91ato36d0toe874to8060toed9207b40e4b
true,float_operation-0,false,4355937,4.3540894985198975,9774224,25d9ac52to4e23toda6fto006ato49b0edab502d
true,pyaes-0,false,2814886,2.8134472370147705,8098718,fd704fa9to8818to00c1toffb1to83d686a9e3d8
true,video_processing-0,false,8482130,8.479162216186523,13774702,e93e1644to2233to66fato5329tof0a7f846ed40
true,pyaes-0,false,2780378,2.7788116931915283,8229177,7fe2413atoce0ato1c94tof87cto0d2f42f5e4bb
true,video_processing-0,false,9854935,9.850801706314089,15288296,10d07b82tofcc6tof769to9c2btoebfce93e8ef0
true,float_operation-0,false,2834305,2.832811117172241,8344517,423c97f7to6becto5fe7to4525tod8559dc37b10
true,video_processing-0,false,8968367,8.963892459869385,13881636,aefde41etodfceto0a7bto94c9toa0c981d8628a
true,video_processing-0,false,9315522,9.312071323394775,14462382,15c4630fto9fa4toe7bbtoc386to2c531305db5f
true,pyaes-0,false,2687820,2.686481475830078,7549187,a678bd73tob8dcto420dto1accto5be5bd7bdc8e
true,float_operation-0,false,2870384,2.869266986846924,7736987,c5716f72to9372to0755to3545toedfb952a00b2
true,video_processing-0,false,8732323,8.729252338409424,13938437,74bf44a5toc742to55fftodad5to17e6ea8ba5c0
true,video_processing-0,false,9616989,9.6133873462677,14777304,64e89dcftob738toe3e7tocaadto0dce1b63c7ad
true,pyaes-0,false,2673676,2.671985387802124,8036773,24020061toeb3eto6d9atoa36etof06327e7f4fe
true,pyaes-0,false,2787810,2.785794734954834,8202186,d4904a6etob086to0652toc554to60056170e5ad
true,video_processing-0,false,8887787,8.884543180465698,14627324,47daf4a2toe988to1168todddatoa8b0698c3516
true,pyaes-0,false,2699129,2.6975505352020264,8098166,365b290ftofc78to5800to3ac5toa6eba9d715ee
true,pyaes-0,false,2678749,2.677159547805786,6807594,2040f446to2c82to904cto1dbftobbd258cb4a04
true,pyaes-0,false,2760040,2.7580888271331787,6356794,ad04444eto655cto15ddto8239to91e408f9869d
true,video_processing-0,false,13382097,13.378088474273682,16587992,386eb58eto6edcto3670toedc4toa85012af025b
true,float_operation-0,false,3132210,3.130136013031006,6400231,bd1df907toefcftoef70to0874to5d8bdbd844e7
true,float_operation-0,false,2814106,2.812664031982422,6238061,58ff618dto1c94to756eto5191tof520e89d6090
true,video_processing-0,false,8784973,8.78083848953247,12433415,fb326152to6ac7to3adbto6a3dto2a7735eaea62
true,float_operation-0,false,4507261,4.505614280700684,7973646,574f2050tob07fto8b16to38b2to3c3662fa5297
true,pyaes-0,false,2869280,2.8670976161956787,6483905,dc6c3ed4to84cato6c54to47c9to537cb36b83b2
true,pyaes-0,false,2846845,2.8447067737579346,6385269,311bba1ftoe4c3to2849toa9c8todb4ce781516b
true,video_processing-0,false,8556879,8.552855491638184,11614209,d0cc5eb4tode3eto521btoc9dbto467be6abdcff
true,pyaes-0,false,2929321,2.9277355670928955,6350927,1ded7384to26b8to6197to1dd7to5974bf4a9f84
true,pyaes-0,false,2931895,2.9304258823394775,6192776,5bc57ba5tob207toa39ctod388to8fd1d5526ff4
true,float_operation-0,false,4311402,4.309526681900024,7669544,9ad09829to6fedtof989todab2to43db00c83ec9
true,float_operation-0,false,4365808,4.364088296890259,7737103,83095b5dtoca25to6900to9023tofc86674a01b2
true,pyaes-0,false,3102769,3.100959539413452,6184364,7ca6f5aato6985to4aa1tod6e8to63c54d490ec3
true,pyaes-0,false,4032348,4.0304036140441895,6957193,e3cca94fto3087tofb6dto4bfdtof0cdc0c20e71
true,float_operation-0,false,3168140,3.1665244102478027,6494896,74892b78to8e3eto92b7to8c88to17c9e87ac9a3
true,video_processing-0,false,20681500,20.677387952804565,23806459,c5f9b458to0149to965bto9c6atof19041e439f1
true,video_processing-0,false,9711681,9.70795202255249,12847923,62c6b8b0to9f0dtodb3fto003btof4c52b320bb5
true,float_operation-0,false,3109660,3.1078684329986572,6421234,f26354fbto570fto1b79to7a8eto80b804862ed4
true,video_processing-0,false,13901042,13.897979974746704,17464781,da6f0ed0to0ec2toc461tof6aato520a98d5acb7
true,pyaes-0,false,4077168,4.074833631515503,7557551,8e793c52to4acdtof17fto1f71toe4405f58477f
true,video_processing-0,false,8347546,8.344217300415039,11670888,0f1e8b08to108ato5fc1toe606tocbf5d65ce3f6
true,float_operation-0,false,4521609,4.520004749298096,7095630,330eec98to4ecbto0cddtoc4e4tod3a50baaac95
true,float_operation-0,false,2971313,2.9695374965667725,5796253,bb645973tof0actoc5c0tocb7dto37559676930b
true,pyaes-0,false,2854841,2.8528270721435547,5488463,de79f15btoc00eto1f91to392atoefd5acecc516
true,video_processing-0,false,8156555,8.153455257415771,11062762,0d529ad1to0991to064ato0af6to0e3a9f39879a
true,float_operation-0,false,4311347,4.309733867645264,6598243,d9e76ffeto681fto9dfdto6befto3d21dfb821df
true,video_processing-0,false,9667972,9.662594318389893,12088625,0f53f35atofc92toe8d6toadbctod8dcdf8169e7
true,pyaes-0,false,2894665,2.8924636840820313,5175125,04d2bc0dto24eato0be7to4b7etodf6435fc9819
true,float_operation-0,false,3004132,3.0027496814727783,5215374,ab2543a6toc7b8todbc1toa12eto697c4a5f3952
true,float_operation-0,false,4361280,4.359105587005615,6454072,3f690407to4ef8tob1afto5326toe9fae474e031
true,float_operation-0,false,2946798,2.944887161254883,4533711,bb2a71efto4b87to7133tof5a5to0a6b7d567f0d
true,float_operation-0,false,4024802,4.022980451583862,5316636,fe7dc463to3957to8149tocd01to4b0fe7e53955
true,video_processing-0,false,10319086,10.31443691253662,11011825,7ac01b05to806cto2e35tof52atoeff86a1b1d33
true,video_processing-0,false,8601610,8.598353385925293,8602919,fd95a742to584ftoa16ftoa726to4797352f234b
true,pyaes-0,false,4037779,4.035449981689453,4039068,4cbc6fe5to495btoc964to0418tof40176cb8ba0
true,video_processing-0,false,9983391,9.97820258140564,9984713,529264a9to96b5to7676to6f88to4ed47c3ae331
true,video_processing-0,false,8758462,8.755285263061523,8759988,b826fa5ato538ctoca86tod282toe66cd61e04f0
true,float_operation-0,false,2772810,2.7707507610321045,2999975,1cdc9a30tod55fto4125tob570to31e88fd46f5e
true,float_operation-0,false,2722590,2.720421552658081,2723910,4a461973tof8e1to3211toe67dto8159c1ea9491
true,video_processing-0,false,13057850,13.0542471408844,13059272,6f0790b7to9634to6ae9toace9to5385f1790ccb
true,video_processing-0,false,8085169,8.081966638565063,8086440,66c25ebfto9023to23fbtob7f5to24dd4ceb4b3a
true,float_operation-0,false,2669246,2.667940139770508,2670212,6f1c16a2to3326to696dtoa4ddto4eef81614a1a
true,video_processing-0,false,8385260,8.380509853363037,8386633,3dcd944ato1cfctob3e0toa719toeb2051dd705b
true,float_operation-0,false,4310842,4.308819770812988,4312113,1de20860toae20to250bto5205tof870e4b8fe58
true,video_processing-0,false,8618173,8.614202976226807,8619546,d6517f9ftoe1b7to64c5to0997tofd856aa74de8
true,video_processing-0,false,8413907,8.410262107849121,8415355,5101f9abtoc9eato46abtoda7ato7ef897aa26d0
true,pyaes-0,false,4024635,4.022994041442871,4026265,2b0a8032toace1to6325to885etoad73e921462f
true,video_processing-0,false,8235577,8.230937480926514,8237005,e70e9415to41a3toca68to79e5tob01d4ac0d9de
true,pyaes-0,false,2888648,2.886545419692993,2889972,64de02aeto0ed9toa936toefcdtob5f114a0b3a4
true,float_operation-0,false,2953014,2.951019525527954,2954549,f7c41cd4tof512toabc0to3adftoaae5044b6af0
true,video_processing-0,false,8495103,8.491036891937256,8496521,3f10db1eto83edtodbd4toadd0todb1191c312c8
true,video_processing-0,false,9808907,9.803231716156006,9810447,73f0c75fto8a1fto3f63to3482to4acec1fe805f
true,float_operation-0,false,2989814,2.9878299236297607,2991219,a5998e26to8f34to926bto2ccdto8448f4888633
true,pyaes-0,false,2861604,2.860026597976685,2862944,0893102ato3160tob377to0e56toa9f96dde2985
true,pyaes-0,false,2893928,2.89168643951416,2895318,b598f723to268ato1bbbto11bftoed16243636c5
true,video_processing-0,false,8235082,8.230449914932251,8236349,bdf0fb91to1387to8d0ato7915tof94768d0ddc4
true,float_operation-0,false,4306746,4.304683208465576,4308216,a1367fc4to80f9toe1c5to7a9cto199db07c0468
true,video_processing-0,false,10840813,10.83598566055298,10842306,b7126b69toaebfto751fto1875tofd85fcecd5ae
true,float_operation-0,false,2941266,2.9394612312316895,2942629,d410c3b2to4fe0toda7eto1771to5e13966e12db
true,video_processing-0,false,12654332,12.650812149047852,12655946,ab3e2214todfcetobb61to60ddto6b25d72b872e
true,float_operation-0,false,2782981,2.7813992500305176,2784519,0c55dedbto84a2tob8a1to3868toe3e474d93ebd
true,video_processing-0,false,12821272,12.81798219680786,12822795,fec74001to855cto5be5toae90to47ca3aa3e68b
true,pyaes-0,false,4032695,4.0309319496154785,4034112,bcc52851to2ddetoa4eeto7fbdto69fa99fe3a7c
true,pyaes-0,false,2725590,2.7233128547668457,2726877,dae9302btofb16to3091tofe68to7b09872bf33a
true,pyaes-0,false,2889975,2.887697219848633,2891435,8e85acf6toe65ato191ftod8cbto9ec7b4c55352
true,video_processing-0,false,9987364,9.983620882034302,9988576,54b8f5abto28b7to2d0dto9503to1d7fe17e4212
true,video_processing-0,false,9670306,9.66528868675232,9671636,b9832dfftoa367to088ctofa70to91bc65b8badf
true,video_processing-0,false,10279619,10.275726556777954,10281054,a43777d0to2afetob671tof3a9to30e70842861b
true,pyaes-0,false,2826511,2.8242897987365723,2827931,5c14ed21toa01etoa148toa9b7to4bd3eae9584a
true,video_processing-0,false,8748752,8.744426727294922,8750378,80d5c15dto0a9eto1a34tod49cto6b881aa436af
true,video_processing-0,false,10112487,10.108264923095703,10113920,a0483fe6toaacatoea19to0d6btoe779ee5e301b
true,pyaes-0,false,2790282,2.788468837738037,2791700,dd1aacd7to018ftoa251to5194to87707331e5a4
true,float_operation-0,false,2871651,2.8694748878479004,2873018,247ca31cto97a9tod708to7217tod254c07d0dfe
true,pyaes-0,false,2661171,2.6591904163360596,2662547,a659d77ato0d06tode51to3af3to9c6dfb0bb738
true,video_processing-0,false,14408827,14.403839588165283,14410026,1787561fto9950to496btob80eto702feadb50cb
true,video_processing-0,false,13738276,13.733047485351563,13739721,43fec734tof23dto16beto7ec7to6af5f4d68ef6
true,pyaes-0,false,2621698,2.619915008544922,2623285,f5fb5d91to6d15tod388to1e84toc29524b745d5
true,pyaes-0,false,2694173,2.692444324493408,2695690,c685b1abtoe294to1c5atodbf6to1b38030aafa1
true,float_operation-0,false,2791978,2.789955139160156,2793401,03ab497dtoe9efto0928to96f0tob8c4a94a01fd
true,float_operation-0,false,4328778,4.326899528503418,4330426,40878107to8a6btoecdctob37etof0784a35065f
true,float_operation-0,false,2938629,2.9366543292999268,2939785,ca2eea46toa94fto3173to15dato9c33b69f2953
true,video_processing-0,false,8299964,8.29568362236023,8301397,d1e584fbto7a39to5299to590ato5a8342a23087
true,pyaes-0,false,2842242,2.8404693603515625,2843516,105517bbtod71bto0d26tofb5etod02b57a2574c
true,float_operation-0,false,2957628,2.956015110015869,2958911,45e831beto3119to6dc7to00edtob4f238f0cb0f
true,float_operation-0,false,4363483,4.361527681350708,4364908,a9d427a1to3eacto56c4to4789to7c47fd7abf17
true,video_processing-0,false,17094300,17.0905601978302,17095747,1506d35ftob18cto840fto5692to865a1d21d059
true,video_processing-0,false,10985696,10.982813358306885,10986987,e682c258to742dto9555to04fctod51e833b7e36
true,pyaes-0,false,2770307,2.768293857574463,2771627,dc86b234to975dtob28eto780atofc2cb82ba219
true,pyaes-0,false,2878995,2.8767001628875732,2880446,bd0f424cto6eb0tof9b6to38e5to96d334165834
true,pyaes-0,false,2868807,2.8667683601379395,2870047,9f0357fdto6669to97f2toef7eto65753a348155
true,float_operation-0,false,4155961,4.154308557510376,4157374,3c27b82dto8f0ctoe0e0to1934tof81d9db2e599
true,video_processing-0,false,10066234,10.062597513198853,10067630,d76e144cto1cd7to0c0fto746dtoe1682d0361e9
true,float_operation-0,false,2820343,2.8185501098632813,2821694,3077ecddto7ed3to064atof91dto8a3ceac03a57
true,float_operation-0,false,2773744,2.772219181060791,2775179,22a59c79to6685tofc54tofcd8to4585654a5868
true,float_operation-0,false,2786511,2.7846124172210693,2787971,bfd1b35ftofdf7to60f3to38c8to655ad7de4c2d
true,video_processing-0,false,8969484,8.965497493743896,8970899,179464bcto03bdto2439to01cdto07e5ff7f85ca
true,pyaes-0,false,2589799,2.58748197555542,2591155,9349f14dto2d38toe30btoc0a1to94817bc4ae85
true,float_operation-0,false,4314879,4.312865972518921,4316090,4dd0ec8fto30b1tof936toe158to6a138904b161
true,video_processing-0,false,9709282,9.703950643539429,9710657,24093fe6to8f48to4754to61fdtob5b624b7a6a8
true,pyaes-0,false,2672338,2.6700470447540283,2673765,6ac04ae9to29d4tob86fto5e4fto316f670ebbe8
true,video_processing-0,false,8834469,8.83061671257019,8835817,bb460dfcto0137to3ef4tobbc1tod63bc7893769
true,video_processing-0,false,10899396,10.895380973815918,10900740,7d643771to783dto3406toe8f9toa15274a901ef
true,pyaes-0,false,2580449,2.57820987701416,2581924,3ff0e367tof26eto65f2to0704toc9ab675a6296
true,float_operation-0,false,2689386,2.687504291534424,2690959,f65ce14cto926bto4675to07d4to3d37270eeaea
true,pyaes-0,false,4072205,4.069788694381714,4073606,c6f8cb28to54f7to2960to6904toa27f15d111d6
true,pyaes-0,false,4130650,4.12844181060791,4132097,27d7e90cto5153to450ftof008to86023bdb5615
true,float_operation-0,false,4190837,4.188701629638672,4192439,f5beb292to3802to2006to9073to8a47a23f22dc
true,float_operation-0,false,2655140,2.6532204151153564,2656469,84fe8473to0828to9f9ctoe78ctoad3bc46b5d9a
true,float_operation-0,false,2926085,2.924154043197632,2927705,37688c95tofdf0to5959tocb8btoe5c589d134e8
true,video_processing-0,false,11561993,11.557164669036863,11563429,225c5e9ato2ce1tof6c4to0e92to3e8f119ea6d5
true,float_operation-0,false,4316617,4.314751148223877,4318073,213762ffto17d8toc6d0to07a2to81471893e74c
true,pyaes-0,false,2843041,2.841219663619995,2844552,137c5898to8a9bto106eto033ctob77971722fa8
true,pyaes-0,false,2843938,2.841760635375977,2845315,74226223to5ff5tod982toab96toa0d222d2e83f
true,pyaes-0,false,2697601,2.6952545642852783,2699062,be79566etoafaeto173etofad1tof4abc6764ac1
true,video_processing-0,false,10062404,10.059020280838013,10063997,0f41f172to0f26to20c2to3ac8toe86f2979d46a
true,pyaes-0,false,2795850,2.793455123901367,2797153,4789bfc4to4489toa9bbtod7f3to8f8ac254f3b2
true,video_processing-0,false,8858063,8.854244470596313,8859309,6ce2f0b9to537bto7211to70a4tobe0cb5a4c665
true,pyaes-0,false,2762023,2.76013445854187,2763454,caa58f08tod168to3b5dto2e11to462170b3c33e
true,float_operation-0,false,2626411,2.6245806217193604,2627894,1ad0bde4to73c4to6581toe064to3a38e11bea9e
true,float_operation-0,false,4162109,4.160107135772705,4163663,b18a0b4dto58d6toace9to1581tode66eee89fba
true,video_processing-0,false,10280866,10.276353120803831,10282227,acde37ceto0899toed2fto3aa6to6a983be87506
true,video_processing-0,false,10335931,10.332750797271729,10337454,4541b221toee68to71b6to9753to9f4f08798e02
true,video_processing-0,false,10639346,10.634170770645142,10640695,f8960e14to89d1to782btob5a2toa0f2951bcb54
true,pyaes-0,false,2538731,2.536383628845215,2540191,74cd8d62to994ftod5dbto04ebto23b6e8ddf98a
true,pyaes-0,false,4045704,4.044045925140381,4047169,be169349to8074to2813toafaetof7b367b6dcb6
true,video_processing-0,false,12758848,12.754909992218018,12760409,7d133417to31d2to4cd1to2508to9a8e2b51af65
true,float_operation-0,false,2821126,2.819131135940552,2822864,9cdf2004tob0b4to6f27to9aceto2522dc64ddb7
true,pyaes-0,false,2677080,2.6750361919403076,2678325,abb93e43to1906to58ccto8318tofe5c82df4d97
true,video_processing-0,false,10177497,10.17266583442688,10179021,ca7f9a1ctoce66toeb20tod4fbto6e1d557ddaea
true,float_operation-0,false,2718311,2.7162821292877197,2719787,399efe05to795atob99bto5985to738a6db00cbd
true,pyaes-0,false,2603344,2.6010143756866455,2604899,d85de482tof229to4778toaabatoc21544dc3a92
true,float_operation-0,false,4199312,4.197111368179321,4200768,4ab3fca3to4ff5todfddtoeac5to334dfb87e6b5
true,pyaes-0,false,2639165,2.637138605117798,2640680,777b5c25to5604to4aadtob9catocc482f9a3b67
true,pyaes-0,false,2622483,2.6202328205108643,2623868,70490571to82f6to038dto3155toe495c08e3b7c
true,video_processing-0,false,10045646,10.04240083694458,10047053,df5de11dtofa54tof870to030btod45e647545a2
true,video_processing-0,false,10876763,10.872866868972778,10878150,d917741ctodb5eto77cdtoc570to6558558ee2e7
true,video_processing-0,false,9111348,9.107877254486084,9112899,57fd78b4to1e6dtob22dto4f25tod21e620c02b7
true,video_processing-0,false,10145765,10.14120364189148,10147185,f7ce34c3to0e3atobaedtod5a6tod0b6171c0f8f
true,video_processing-0,false,9380330,9.376991748809814,9381860,dd034aaatocd2bto049dtocc8fto7f2e696e0169
true,float_operation-0,false,2863320,2.8613393306732178,2864769,63edf17fto4324toee1etob4dfto23e08fb89196
true,video_processing-0,false,9313678,9.310197591781616,9315006,f6ac1b0cto790ctob212tof45atof5d4f661c23c
true,pyaes-0,false,2688286,2.6859657764434814,2689728,b193eec5toe37ato805btobee4to6905688efdcc
true,video_processing-0,false,13371836,13.367398977279665,13373239,86bd1254todeeato2edato5cdbto395ef98be4c3
true,pyaes-0,false,2603663,2.6017351150512695,2604814,ba7d754btoe1ddto07deto562etofc2ab5cde431
true,video_processing-0,false,9304592,9.300354480743408,9305976,54122fe9to9544toed33tof3edtoc527a1c3b1e0
true,pyaes-0,false,2668080,2.665806293487549,2669330,12f97a2ato57adtod2bdto9ccdto4402f4d3359b
true,float_operation-0,false,2680806,2.6791703701019287,2682120,44d18b1eto1745tob135toc241tod7d7d52c5de9
true,float_operation-0,false,4157401,4.155756711959839,4158763,a70a0682to75a0to7676to2ad1tof39223453889
true,pyaes-0,false,2656552,2.6549246311187744,2657950,2b7e4c6btof01fto82b9to410dto52e8c2caf703
true,pyaes-0,false,2745456,2.743020534515381,2747044,11056f45tof1cato1acbto4958tob9d10e86879c
true,video_processing-0,false,10363445,10.35826539993286,10364916,09569655toa402to518dto9551to00c08d98146c
true,video_processing-0,false,10393053,10.387746572494509,10394471,5551ec3eto86cdto2b48tob1a0to00d389cde73d
true,video_processing-0,false,10436600,10.43273639678955,10437880,bb0d4389to848ftoa9d6to65cato9866609f52a2
true,video_processing-0,false,8899283,8.894441843032837,8900839,5008bd82toa8d4to4297toaaf7toab766bf55a12
true,video_processing-0,false,16574638,16.570939302444458,16576090,1af68ad1to1e2dtoe228to9d01to0931d8047e3a
true,pyaes-0,false,2674644,2.672253370285034,2675911,e31cc5e2tob413to2957to55c8to263a136e8d69
true,pyaes-0,false,2860272,2.8579580783843994,2861577,0c105ca9tod4d0toa1bbto777ftoc274ec9c2cbf
true,video_processing-0,false,9256446,9.25302267074585,9257746,20057ea9to8635to37ffto7598toa201b187b4e0
true,float_operation-0,false,2725677,2.7241501808166504,2727364,fe5cee0cto3099toa2aato1bc5to69ecd3ad1ee8
true,float_operation-0,false,2922089,2.9200923442840576,2923366,d8601902to29d4toe488toeec9tob3eafc4f7644
true,float_operation-0,false,2960482,2.958465099334717,2961704,410a3415toe506toc71ctoe80cto4d13fef30b9d
true,video_processing-0,false,10544843,10.54081892967224,10546182,ba26595dto20dftoa835todd4ato03f4da34f03f
true,video_processing-0,false,9117411,9.114158630371094,9118757,969511f4to0ac5tof762to78d4to98f34b195e54
true,pyaes-0,false,2868346,2.8662517070770264,2869664,a2dc57fctoea5ftof497tob0bato742cfd54b333
true,video_processing-0,false,9324156,9.319404125213625,9325678,e2b8c682to975eto65ceto08c6to0a2e7705f35c
true,pyaes-0,false,2767306,2.7649519443511963,2768673,76080c57to2d68to8b0fto640bto6c5990c1a8f4
true,pyaes-0,false,4068189,4.065812110900879,4069573,c36af539tobf98to295dtoc8a0to82c8a8411880
true,float_operation-0,false,3013175,3.01123046875,3473579,76c0b381to4247to6776to2e31toaa75101284f1
true,pyaes-0,false,2795869,2.7942447662353516,3200995,833b812bto62d8toaf30to531btod9dc0fe3f284
true,pyaes-0,false,4039088,4.037322521209717,4453768,37ffe11ftodb48to0fe4to833dto938b7ef2b38e
true,video_processing-0,false,10735745,10.732927560806274,11258987,82c76eb8to670dtob42eto07b7to7c47b964a9c2
true,float_operation-0,false,2778220,2.776808738708496,3361646,f26752d5to3f17to1136to2e8fto7e3e46fad4b3
true,pyaes-0,false,4132732,4.1308441162109375,4821490,7c0d6eaftod107to541dto678cto0b8184619f84
true,pyaes-0,false,4073987,4.0717761516571045,4814341,82fa2746tof82fto620ftodd47to7844f0cce609
true,float_operation-0,false,2960055,2.958547353744507,3726695,184b8a21toe514toe563to8317toa541970e810f
true,video_processing-0,false,9531328,9.52794337272644,9825567,5498ae03to99ecto21b4to103ftofa30fa516497
true,video_processing-0,false,9340680,9.337815284729004,9786884,f082951ato2a33to7d39to08a0to328720d1440a
true,video_processing-0,false,12306917,12.304131746292114,12420569,83a9634eto88fbto846eto8046to3864e227b1e4
true,video_processing-0,false,10554841,10.551637649536133,10926126,24d1654cto5c92to01e5to04dctob2a26ad09b52
true,float_operation-0,false,2973666,2.971670150756836,2975017,68633d4eto565bto0273tof9e6toe6d56df05a49
true,float_operation-0,false,2858133,2.856236219406128,2859322,209ade19to33e7to7383to2ac8toafde9b622120
true,pyaes-0,false,2774327,2.7720415592193604,2943316,846f055fto8336to15f0to8058to15a3d97353d0
true,pyaes-0,false,2834601,2.8324525356292725,3283875,ffd57161to0520tode35to018cto2d508fa5e27e
true,video_processing-0,false,13110216,13.105493068695068,13157454,2b103ecdtobb6cto9617toeddato3dde0a7c5b09
true,video_processing-0,false,10765262,10.762157201766968,10766572,d3f1eb0cto81e2toa7b4to4746to74799508dcd4
true,video_processing-0,false,10298735,10.293831586837769,10300202,bddd955dto61d6to1d1fto7675to47d557b64341
true,pyaes-0,false,4042519,4.040259838104248,4200796,cb95a6e1toc0d9to54d6to8007to30985d8a00cc
true,video_processing-0,false,9241968,9.238656282424929,9310723,bce1d87cto9131toea77to9a43toe468fcee48e8
true,float_operation-0,false,3001020,2.999288320541382,3002357,ef516346to3aactocbf4to9bf5tob65d91e58e3c
true,pyaes-0,false,4136743,4.134327173233032,4138154,b0d5046atoa02atocc60tob03ato3b73da0ff474
true,float_operation-0,false,2797488,2.796017646789551,2798994,51ba5a6fto96ecto6918tof135to72105e17a9b1
true,pyaes-0,false,2718913,2.7172770500183105,2720472,c6a0a66eto65b8to342ctoe919toa078390487cc
true,video_processing-0,false,10898526,10.89435362815857,10900191,151b3274toc95etof23atodd75to2d3d4270ad5c
true,float_operation-0,false,2787157,2.7851529121398926,2788498,605dd456tofe1btoe0cfto2988to277b7d791c46
true,float_operation-0,false,2812054,2.810294389724731,2813417,ae09d863tod5b6toe1a3to193fto86473850d46f
true,video_processing-0,false,16912473,16.909329414367676,16913729,a43758afto4447to9c6dto60c2to1037a31b2da3
true,video_processing-0,false,9059949,9.05606245994568,9061409,f93faf60to248bto5ce5toe87btocf074da60942
true,pyaes-0,false,2792584,2.7908990383148193,2793972,f02847d6to0aa1toc571to67b7to70276ab4136a
true,float_operation-0,false,2824891,2.823133945465088,2826262,e76f52c7to84d6to52b2toa2deto7061c5c8e9c2
true,pyaes-0,false,4043287,4.041322231292725,4044727,230df353to400fto3d89to0098to15510ee77b1d
true,float_operation-0,false,2838932,2.8369617462158203,2840257,42bed0a8toe2ceto4e1btob062to26c32c18b40f
true,float_operation-0,false,2973448,2.9713845252990723,2974951,86f8634fto3e35tob2cftocb8fto4bed2aea0287
true,float_operation-0,false,2765546,2.7637882232666016,2766832,60090128to9355to26a9to6e96to62599aa39f15
true,pyaes-0,false,4137227,4.135395526885986,4138511,656a7f6bto0c39tob12ctof803toedc6d81527a5
true,video_processing-0,false,9103905,9.101247787475586,9105048,76a2765btof1eato9d74toc4f5todc37f4cc3318
true,float_operation-0,false,2847921,2.846090793609619,2849248,6693a3e5to7da0to4931toeef9to385e787f27ff
true,video_processing-0,false,10916135,10.911783218383787,10917505,f55ef5actoad66to74e0tob606to6d6fa2b2b42c
true,float_operation-0,false,2869803,2.8677563667297363,2871130,f6d4c66ato7cd1toe5ectocfd8to1f2523e9c8b8
true,float_operation-0,false,4365513,4.363536357879639,4366984,4d0267d2tod58btoe4d0to6914toc35c44bbf14e
true,video_processing-0,false,16028605,16.02401041984558,16029933,2db61445tob3d0to7163to1a3dtod01cf8cd9121
true,float_operation-0,false,2897443,2.8955237865448,2898708,59f808bato2667to2325to3984toaf2cfab295f1
true,float_operation-0,false,2828961,2.827432155609131,2830334,3c0d1660to2791to3907to5ffdtoed5b001f11e5
true,pyaes-0,false,2790259,2.78808069229126,2791685,d238f999to81b9tob995to1043to3cf8af58240a
true,float_operation-0,false,2642031,2.640129327774048,2643411,87e0943ato6bd8to0201to077btoce0092f4d6af
true,video_processing-0,false,10400668,10.397934675216677,10402122,c7ac9a20todf7cto5a8bto0c5bto62dd28b5d2fe
true,float_operation-0,false,2678274,2.676236391067505,2679746,f02ce86btod218to8b0ctoc7aeto746db31ad978
true,pyaes-0,false,4045223,4.042883396148682,4046597,9970dba3to023bto28f6toddbftob0f5f035694f
true,pyaes-0,false,4135911,4.134113550186157,4137378,3700d3cftoe1e3to7b96toc363to3316c3ca51d6
true,video_processing-0,false,10539756,10.535874366760254,10541091,29ba0a2btoff19to41d5to54d1toa7932564de68
true,video_processing-0,false,10446975,10.442141771316528,10448316,6336f9e5to43b6to04f7todbadto5f1ff7abdb2f
true,video_processing-0,false,18709584,18.705706357955933,18710845,5bf054f0to5c1dto1062todbecto0f41c1b29e7e
true,float_operation-0,false,2716658,2.7149364948272705,2717911,670c4bddtod570to6d16to0106to4776f7da36e6
true,float_operation-0,false,4367291,4.365512132644653,4368867,1c48834dtob8afto2c1dtocbabto47713d79f560
true,float_operation-0,false,2518956,2.5172817707061768,2520433,9a1945d2to5a35tof0c0to35f7toce91049e4468
true,pyaes-0,false,4017112,4.014670372009277,4018380,9ab0a43fto97e1toe435to7c9fto2f9b5b2a7046
true,video_processing-0,false,10663071,10.658840656280518,10664405,fd42dbb2toe527to1bcfto1ab6toeb4f107391f4
true,video_processing-0,false,19764461,19.759282112121586,19765944,c6aafe53to2614to6be0to8a05toa8e712f73c2d
true,pyaes-0,false,2720294,2.7179508209228516,2721733,834dcc1dto3b09to4d32to0123to1c048989cc7d
true,video_processing-0,false,10790257,10.786599159240724,10791505,7144715atoe4c6to4fe1to8210toa7269687d638
true,float_operation-0,false,2863559,2.8615777492523193,2865032,3a74b133to8d61to85f5to5294to861d499423ff
true,float_operation-0,false,2869630,2.86751937866211,2871285,dc8578c2toe92bto8efctoa9eato711355d94bcf
true,video_processing-0,false,8835864,8.832746267318726,8837297,a346dc90to9babto6691to2b54to2bd844d59e91
true,float_operation-0,false,2671606,2.6699225902557373,2672897,202cd613tof895to5ff3to7bb9to19f84e6d75ea
true,float_operation-0,false,2866489,2.864450216293335,2867957,9e04c807to77adto4e88to9e87toba8e84c61d2b
true,video_processing-0,false,9085634,9.082524061203005,9087093,0add3ec0to15betoff6eto29c7tod0dbbec8ae53
true,float_operation-0,false,2921156,2.919342279434204,2922569,02bf7bf1tod9a5toe715toba9dtoc00bbbb19f95
true,video_processing-0,false,17485978,17.481504678726196,17487561,cb86d1d4to95c7to5dd9to3757to8dbfea5c9f34
true,float_operation-0,false,3017215,3.015659809112549,3018656,6d09c896to9cd8to94e5to54bdtoe708389f9c33
true,pyaes-0,false,2727538,2.7253785133361816,2728919,15ed45a2to1059tof9d2to0012toe53a79305da1
true,pyaes-0,false,4013322,4.011237144470215,4014617,c6c34aa7to022ftoa66ftoc862toafddd5fca584
true,float_operation-0,false,2685355,2.683476686477661,2686692,ef6fbcdbtof825to15a3tob4bdto8d95ca51d5a2
true,float_operation-0,false,2881836,2.8796944618225098,2883246,65da6c37to8bdcto32a4tod5cctoa3a3b72efa98
true,pyaes-0,false,2698257,2.695967674255371,2699665,fd4f1bf6tocab6tof2f1toff78to5f1dc03491f0
true,video_processing-0,false,12430404,12.427906036376951,12431844,bc62bb81to2ce8toe0e0to63a4to4f98e497f546
true,video_processing-0,false,10187970,10.18479871749878,10189334,77b40afeto7c61to431ctoc5fatoa70728fb83ca
true,video_processing-0,false,10012469,10.008734464645386,10013785,7d97c0fatoa803to782btoa9a1to56b33a5ea18a
true,float_operation-0,false,2817422,2.8158607482910156,2818761,363a8b2ato932dto2fd7to16d2tocc102b9a5883
true,video_processing-0,false,10567610,10.564124584197998,10568915,080a4021toba8bto52d5tof349to50841203919f
true,pyaes-0,false,4010835,4.00914192199707,4012269,f8105900to30c7to2d67to972atofca83f8ba5f5
true,pyaes-0,false,2740310,2.7380402088165283,2741760,f0f6f9b8to1de5todb66to57adto09a08303286d
true,pyaes-0,false,4043613,4.041777610778809,4045285,4b4e8337to0518todb49to7964tocadcc90073a4
true,pyaes-0,false,4072546,4.070411443710327,4074050,44aecd59tod8eetocab9to0e82tob0574ebe4aae
true,float_operation-0,false,2697659,2.695767402648926,2699031,8cef500dto48abto4af2toa006to1e70e8c9466d
true,video_processing-0,false,10365425,10.360165357589722,10366874,89593438to496bto2ce7todb7dto0894d491f3ce
true,video_processing-0,false,9026278,9.023010730743408,9027787,6a999db9toa1f5to186ftof8b3to0e6205d5bc06
true,video_processing-0,false,11091280,11.087459802627563,11092803,e1293b79tob94btof406tof953toa549475fa714
true,video_processing-0,false,9444959,9.441914558410645,9446400,21256fddtob2d9to1571tob3bato2956e638ed73
true,pyaes-0,false,2664284,2.662135124206543,2665889,c422268dtoda73to8d93toc585to344d040dcf89
true,float_operation-0,false,2679582,2.6775269508361816,2680948,3a391957tof64ctoa4aetoa7a5to682eb279d7b5
true,video_processing-0,false,9316297,9.312178134918211,9317792,5c04fe3cto3971to95eato3721to6fa4336af637
true,pyaes-0,false,2607540,2.6056385040283203,2608783,628543e6to8817toaa03toee37to4fbedefc8230
true,video_processing-0,false,10139621,10.135655641555786,10140981,99e04211to4affto8cdato5cf4to74e0591a4971
true,pyaes-0,false,4070652,4.068430423736572,4072035,6a56cc1ato4de3to2305to57fato99bdc16fb041
true,pyaes-0,false,4016075,4.01438045501709,4017465,38e97ad2to5c81to0aa9to804dtoac394243a875
true,video_processing-0,false,12049474,12.045687198638916,12050833,7f503143toe4bato777cto5cb6to7094bde50fdc
true,float_operation-0,false,2741225,2.7392497062683105,2742845,83abbc4etob53ftofd4fto9333toec13ebba00dd
true,float_operation-0,false,2974211,2.9724414348602295,2975629,978ac6f0to45cfto931dtob8d2toc49757a0b4a0
true,pyaes-0,false,2822463,2.8205935955047607,2824016,bb0bc7d2to4978toeb49to93e8to6e208a524d4a
true,float_operation-0,false,2866611,2.8645524978637695,2868039,98b9b763to3e71to0d0cto5af4to6dd1157d2b57
true,float_operation-0,false,4014498,4.012837171554565,4015642,78c55f7eto5247toaad9to1211to341c1a5f9387
true,video_processing-0,false,18459875,18.455851316452023,18461373,d25a57c1to82a7to9448to3b27to8a623bf82e0f
true,pyaes-0,false,2952839,2.9511680603027344,2954076,ce528288to2bbctof7b5to74a1to46c78b1e8647
true,pyaes-0,false,2884644,2.882330894470215,2886029,2f653f8ctoae1ftoc431to6522to100ec6398132
true,float_operation-0,false,4433397,4.431508779525757,4434816,5d1f8131tobeebto2532toe0dfto21dd0934f0bc
true,pyaes-0,false,2975095,2.9733376502990723,2976272,957d424dtoed41toe695to5248to355bebe34887
true,float_operation-0,false,4157744,4.1561119556427,4158761,c102df58to25d1to26b2tocc8dtoe4ce315acdd0
true,float_operation-0,false,2942594,2.9407339096069336,2944087,e803b1ffto2876tob488to1454toafbdc8b73315
true,pyaes-0,false,2776568,2.77449369430542,2778079,15320767tod23etoec45to8c5fto3f19351aa9f8
true,pyaes-0,false,4013741,4.0119404792785645,4014918,d199af54tof1e7to8e15to7f12to7eacdfff9339
true,pyaes-0,false,2609246,2.6073975563049316,2610683,3e93f456to5582to4586to3657tof6a3d45b74be
true,video_processing-0,false,9188953,9.186283349990845,9190343,e915c221tof4e4toa65etoc18cto311372245fbd
true,video_processing-0,false,9140747,9.13759732246399,9142356,3f23b90bto3a47tobbe3to0326to06adac5899cf
true,float_operation-0,false,4399222,4.397437810897827,4400702,e389191eto91c9to6ec2toae59to85c6902b10ec
true,float_operation-0,false,2597985,2.5961673259735107,2599536,58008157to2ef7to0a6etob7b3toad832b875d8c
true,pyaes-0,false,2581686,2.5797650814056396,2583146,4ebc8756to4c4etoc2a2tod928to7f3fd0238dc0
true,pyaes-0,false,2629433,2.6272151470184326,2630854,0a115e60to2520toeff5to5a5dtoa514a45c003c
true,float_operation-0,false,4239001,4.2369065284729,4240570,0bb34303tod64cto5b8dto71a9todaa7f6439626
true,pyaes-0,false,4014687,4.012714147567749,4016125,28c968catofcb7toa02bto3107to71b3bd268d9a
true,video_processing-0,false,9369916,9.36629843711853,9371325,c32f8ae2toc309toa845to6829to681f36f490db
true,pyaes-0,false,2604091,2.6020052433013916,2605558,971b21f5to9fd2tobd4fto9240to2bab5bbfef55
true,video_processing-0,false,8890134,8.886923789978027,8891443,d18944abtoe017tof626to9ecdto5890f13fb567
true,video_processing-0,false,9288221,9.284208059310911,9289563,c2466611tof5ebtoc5e3to3ab6toddf097ddb87f
true,video_processing-0,false,10608517,10.604830741882324,10609939,d5a94509toe1f2to0215to32b4toa9b5e3cc0b90
true,float_operation-0,false,2646919,2.645015001296997,2648473,24ad6d88to48c4toc4e2toe977tob7bfc69ee641
true,video_processing-0,false,8807148,8.804887533187866,8808803,a8132532to0dc4to18f5tofac7toc1b1c7725c68
true,pyaes-0,false,2597257,2.595744371414185,2598708,5f01940ato1645to92f5to2412to1f3ca9c761f5
true,pyaes-0,false,2661975,2.6597378253936768,2663156,837ddf8dtobb1atodcb0toaef7to56b96df0622d
true,pyaes-0,false,4074405,4.072011709213257,4075824,099345c4to5dfeto4766to8e15to259dec1be6a1
true,pyaes-0,false,4067819,4.065584182739258,4069267,b84bc340tod846toefe4tofe14to36dfad0f652a
true,video_processing-0,false,10388654,10.384334325790403,10390226,fc01a8c1to41a1to292ato0ec6to7b386b351f9a
true,float_operation-0,false,4484394,4.48240327835083,4485753,68514544to5454to970ctoc7cbto166963fd442b
true,video_processing-0,false,15924924,15.920815706253052,15926334,4abe544cto5f41to9ed1to4a5etof346a994a2e6
true,pyaes-0,false,2644155,2.6427700519561768,2645567,63a0277bto27b7to545atod81eto77c729649973
true,float_operation-0,false,3893371,3.8917899131774902,3894804,7ce98e87to0d05toc114to2b5btob1711ceb3ecc
true,float_operation-0,false,2871616,2.8699750900268555,2872845,9d200b12to69ffto9d85to4948to994300f97e3f
true,float_operation-0,false,2904064,2.9019885063171387,2905397,8b3d718eto2820tobabdtoe32eto2fa8a3c34f4a
true,video_processing-0,false,10015010,10.01103925704956,10016586,6c78d6e1tod1d5to2f31toaadbto25b2b60391b7
true,pyaes-0,false,4024147,4.021763801574707,4025654,0409dc70to71f2tob9ectobcaatob2f48be8b92e
true,video_processing-0,false,9294558,9.289972305297852,9296001,f2729045tocfbetob53fto4c20to119c536622e9
true,pyaes-0,false,2900882,2.8994789123535156,2902468,a2933f01to7eddto8163to2920toc52a34403d1c
true,float_operation-0,false,4162819,4.160609006881714,4164213,d60021a0to4031tod98dtob2e1toc2279fc60123
true,pyaes-0,false,2889329,2.886795997619629,2890582,f0e1135atoe512to0b73toccc5toc8952dbc9b91
true,pyaes-0,false,2970539,2.968345880508423,2971724,7c175879to8267to5b2eto5d65to3cffc66947fb
true,video_processing-0,false,9648738,9.585936784744264,9939629,36041265to6529to6530to2681tod9a6cda123b0
true,video_processing-0,false,9421724,9.419250726699827,9422990,cfcd15c4toa6f3toa892to5b12to2188f24328ca
true,float_operation-0,false,3140837,3.139246702194214,3662656,8058eadetob278tod425to7396to247ce3fe236e
true,float_operation-0,false,2917194,2.915745258331299,3384466,bd29416dtob067to0f83to9d83toea6bf061832f
true,pyaes-0,false,4072794,4.071254253387451,4284005,cddae3detoda74tof6b3toc2bdtoe81d5391e83d
true,pyaes-0,false,4062390,4.060774564743042,4375173,b4a48f0fto0f53to8fe7to2a0dto7f2203afdc1c
true,float_operation-0,false,2858450,2.8569047451019287,3365318,234a6ee5to5875to1bcbto4bb3to13d18cd16e0b
true,video_processing-0,false,9642519,9.639440536499023,9644031,e6edf551toe4dfto6afetob26ctobabdafda847a
true,pyaes-0,false,2845862,2.8443281650543213,2847180,b3d9e29ftoef5cto1351to85cctof5559b8fc5e7
true,video_processing-0,false,9674721,9.67166543006897,9676103,6f81af84toe3fato4c09toab98to348819005ae4
true,video_processing-0,false,9694853,9.69124960899353,9898077,031d2280tod672to5108tob531to871b3e75bd50
true,video_processing-0,false,10085211,10.080952167510986,10086779,23ec1010todf68to28b6to0f18to12b32c4bcb9d
true,video_processing-0,false,9755164,9.75145411491394,9925231,c5edd11atoc5a2to494bto880ctoeddf053dfec2
true,video_processing-0,false,9274559,9.270519495010376,9846252,0f04d789to6118to959dto250ftodfbb1d9b59ae
true,video_processing-0,false,9055658,9.053401470184326,9203408,5b2a9b15toac27toe946to3023to562fa7e63234
true,pyaes-0,false,4023582,4.021506309509277,4024693,383bfdbatoe9b4to5054todf87to76a14341c1fb
true,pyaes-0,false,2637454,2.6352381706237793,2638849,b466ea98to05f5to09cfto67b8to1337cb35a60f
true,float_operation-0,false,2740377,2.7386491298675537,2741602,16836234tocbedtoe577to03feto4f795bc00bea
true,float_operation-0,false,3020796,3.0187413692474365,3022186,18df3ed5to0b95toce06toff99to12323303ac98
true,pyaes-0,false,4066322,4.064087629318237,4067592,d1cc3cb9to4173to4598to09catod7fe31136b4a
true,pyaes-0,false,4086354,4.084042310714722,4087721,f65c7a6btoecc3to88b3to4ff1to84131f75cf37
true,pyaes-0,false,2972447,2.970501184463501,2973681,b5362201to5ef0to2cf3toaf2eto609b81b9cebf
true,float_operation-0,false,4173519,4.171441078186035,4175230,701e9762tocd00tofe0dto4c84toee4cc45a4d62
true,float_operation-0,false,4195889,4.193965673446655,4197112,71cf0c8dto9696to4074tob28ato94bdce174294
true,pyaes-0,false,4068513,4.0666351318359375,4069709,90a5b70dto5950toebdetoa9bdto770287e21ece
true,video_processing-0,false,8663093,8.659376621246338,8664548,98523b0dtoeebeto9236to9b5eto18edd67aff8b
true,float_operation-0,false,3037168,3.03554105758667,3195662,a896b850toa132toc901tobd1ato32228944f1b0
true,pyaes-0,false,3099111,3.096865653991699,3100300,b962daa5toea54toaebetoae4atoc28bc136402a
true,pyaes-0,false,3197577,3.195910930633545,3198717,ab4016b7to142fto4048tod585to7dbea8b6896d
true,float_operation-0,false,3300047,3.2984914779663086,3301325,33292644toce13to20fato0312to0f155044997c
true,float_operation-0,false,3173277,3.171885251998902,3174637,ffa9a865to36ddtobb65tob6aatoea88053afc56
true,pyaes-0,false,3301796,3.3000080585479736,3303001,e7e424dfto32f8tob498toc9d1to8aa089a6ce2c
true,pyaes-0,false,4059274,4.056627035140991,4060480,51c24ebdto5c8etof3acto2939to70b1f9ac5ae4
true,video_processing-0,false,10147777,10.145278453826904,10330897,858ad305to1cf9to7828to3389to3ee81b0a9d34
true,video_processing-0,false,9267390,9.26548957824707,9492826,d5c6accdtofe4dtodbf7tof662to8d1516109960
true,float_operation-0,false,4376656,4.375093460083008,4377868,22a568fbtoad75toec3ftodf96tob98496c7970d
true,pyaes-0,false,2901187,2.899765968322754,2936301,a081b125tob06btofed2toac38to4e9955996b60
true,pyaes-0,false,4073654,4.0720624923706055,4284864,305b4744toda0dtoa8f2to2d51to9a545ce7aa10
true,float_operation-0,false,2798182,2.796666383743286,3253670,678668b4to9cd5toafectoa304toefa33cbcbfe4
true,pyaes-0,false,2698727,2.697373151779175,3495473,60eb249ctof50etocb95tob840tof55a45d49999
true,pyaes-0,false,4065927,4.063562393188477,4067408,8bd0d9dfto57d2to6cd8to8b6fto150bb813599a
true,video_processing-0,false,10222181,10.218923330307009,10223639,d1d7d590to66b4to9adftoc350to6b51f8972a5b
true,pyaes-0,false,2567428,2.5656447410583496,2568772,4d3a4596tocfd8to5794to4b65to847a6369cd6b
true,video_processing-0,false,13028400,13.024585962295532,13029947,d4514a42to7f5fto5538tofa96tocff716b3048f
true,pyaes-0,false,2768015,2.7663097381591797,2769585,6a578a82to7436to8455toee6ftobc994d360c52
true,pyaes-0,false,4068404,4.066391944885254,4069826,5aabbcf8to2ac3toa7e1to1517to786a8020f5d7
true,float_operation-0,false,2565415,2.5636539459228516,2566666,8e8336ectodee0to37b9to69c4tofc7f80548a1f
true,float_operation-0,false,2723853,2.7218832969665527,2725412,0da66202to49bato6660to8adbtoa4d7d2c4592f
true,video_processing-0,false,17688752,17.68579602241516,17690089,34498b7btoc3f4to4481to4334toc0f7933f0e99
true,float_operation-0,false,4415360,4.413519859313965,4416655,d1669516to5611to4a81to85cbto854b3cae17c4
true,pyaes-0,false,4083155,4.081183195114136,4084559,88e9d573to83bato33eatocc5ctoeea4b16b287d
true,video_processing-0,false,8943896,8.940445899963379,8945319,1892efa1toc51ato0f5eto409dto1d7d959afd1d
true,pyaes-0,false,2710313,2.7086238861083984,2711673,6b3b746etob1adto1c05toea6etof78a9b1dd757
true,pyaes-0,false,2640984,2.6385834217071533,2642432,925f05fbtod3cato3907to88c2to99eabf10d283
true,pyaes-0,false,2728325,2.7260422706604004,2729657,8221c126toe3d0to3b11to9e9bto80141732ffa0
true,pyaes-0,false,4052640,4.050260305404663,4054140,36a85cf0to4f4ftoc460to801fto2b1dbf96179c
true,float_operation-0,false,2723417,2.7213058471679688,2724793,7c9bfa7dto9d3ato32e9to81c4toa625d50f5060
true,pyaes-0,false,4070641,4.068254709243774,4072147,4c57bc1ftoa5d6to53bfto3cadto6030976e4ff9
true,float_operation-0,false,2774973,2.7729883193969727,2776330,30b4dbe7tod54ato4115to5bf5toeff5018a579a
true,pyaes-0,false,4060579,4.058825254440308,4061877,b1db2ee2to5538to8b82tod0c4to80a9d315db59
true,pyaes-0,false,2754393,2.752524137496948,2755689,49648ccbtofa99to6008to6f39to7c5a34d6c2c9
true,pyaes-0,false,4020313,4.018054723739624,4021723,06460032to369fto26deto15a8to97d9c4ec2572
true,pyaes-0,false,4017766,4.016002416610718,4019224,650ae2d3to7e6fto7e7ato6793tobf54cdfc782a
true,video_processing-0,false,10737666,10.733880996704102,10739070,42482b5ctobd13to6afctod54ato8190061377b2
true,video_processing-0,false,10498967,10.496065855026243,10500380,a03a58a9to7e3atofc0btoaff8tob8a111da7c32
true,video_processing-0,false,9108573,9.104785203933716,9110025,2039ae4dto8144toac0ftofd08toc002b2135972
true,float_operation-0,false,2780197,2.778135061264038,2781564,afe8b80eto4afbto4f53to841dto1a09c006a5cc
true,float_operation-0,false,2825333,2.8232860565185547,2826795,4ff96395to710dto5634tofcccto134ae552e2cc
true,video_processing-0,false,9010179,9.007390022277832,9011501,78921399to1bf1to2922to508ctod83aaa840e65
true,float_operation-0,false,4428205,4.426171541213989,4429639,3982bda4to3785tod5b1to4e9bto177b0d09b0c8
true,video_processing-0,false,9970580,9.9673969745636,9972103,6210c520to7f29to7c0bto23ffto5fa5d92bca0d
true,video_processing-0,false,9578679,9.57554578781128,9580154,70e7eb8cto5d5ctof077to878cto90e1ac36591c
true,video_processing-0,false,10481734,10.477838277816772,10483239,e44b5f67tof407to1173to15e7to075d23976e37
true,pyaes-0,false,4062081,4.060227155685425,4063638,38b9a64cto4c89to0bcbto8115to99508c5f226c
true,float_operation-0,false,2745223,2.74334979057312,2746516,fa50663dto3b01to1029to0a48to388e10718798
true,float_operation-0,false,2663290,2.661231517791748,2664768,3f3078bbto2bbbtoe6f2tobecfto7cbf29ffb50b
true,pyaes-0,false,4018488,4.016702890396118,4020104,c1211579to7658to5e5ftoee96to5d871f357f5c
true,pyaes-0,false,4030095,4.02806544303894,4031489,8a9c6cfctob6d2to6087toce0etod76f8e17399d
true,float_operation-0,false,2691532,2.6894638538360596,2693124,f4a26027toe06cto6efctoa128toc645e8a4abf8
true,float_operation-0,false,2807875,2.805828094482422,2809141,88fa713ctofd06to2be9to2cc8toadc8306a176a
true,pyaes-0,false,4072729,4.070805072784424,4074027,4ea3173eto4975toc306tob785toabfb9e7540b4
true,video_processing-0,false,8748677,8.744980096817017,8750158,22d0a775to5644to09eato63c4to33ed1ba864f5
true,video_processing-0,false,18275584,18.271695375442505,18277126,e660ff89to208fto2db5to5106toa79dea2765dd
true,float_operation-0,false,2838159,2.8360910415649414,2839605,bd33fd1etob69cto593bto39e4to0bb6e76904b9
true,pyaes-0,false,4025118,4.022705554962158,4026547,7d49e794to38e4to55bato726cto6e862fcff558
true,pyaes-0,false,4070894,4.069035530090332,4072388,11dbb906to6264toaff7to2cbatoba29545c7fd6
true,pyaes-0,false,4024910,4.022823095321655,4026622,8384c24btoaef0to0f56tofe63todd81a912fdd0
true,video_processing-0,false,12586570,12.582138061523438,12588076,e5bee841tobc9fto6b32toe20cto0cba6c062aaf
true,pyaes-0,false,4066977,4.064642906188965,4068301,6a2eec08to33dcto1476tof9a3toff2309163817
true,pyaes-0,false,2755698,2.753480911254883,2756972,9303f68dto17d0to80d8to8828toc8a10475c019
true,video_processing-0,false,10065970,10.064066886901855,10067237,bb1b2de1tobb02to2ba5to18edto6e1c96f3bcbf
true,pyaes-0,false,4048382,4.04637885093689,4049908,4a7015f0toba66to592ato36ebto4a2a4ad7cc13
true,video_processing-0,false,10849634,10.846603631973268,10851073,48bde8e5to9ae8tobf63to14a7to4463caae9562
true,pyaes-0,false,2763136,2.760974168777466,2764499,85e3149ato16f3to2cb1to31f0tocc5354d1116c
true,video_processing-0,false,8910054,8.907022714614868,8911702,20784487to1849tob321toc2fdto5d05d8851069
true,pyaes-0,false,2578998,2.5767412185668945,2580425,22b8e96dto725fto07a9toaa09to52b0b8ef9161
true,float_operation-0,false,4343378,4.3412861824035645,4344908,c0bc0a19tocf00to5c06tod486toc9ea9e130d21
true,video_processing-0,false,8783672,8.78124189376831,8785012,af584c54to0860to6e20to8183to1033a2c73b69
true,float_operation-0,false,2744108,2.742124557495117,2745241,08359ac0to7849tofc7atoa47dto1a89960d74ba
true,video_processing-0,false,9052116,9.049005508422852,9053697,7c82a644toe490to3b54to1563toa27b4d783e58
true,pyaes-0,false,2571839,2.569932460784912,2573201,1aa5a341toa7b2to87d9to5b33tobc4d12599993
true,float_operation-0,false,2534913,2.5330445766448975,2536284,22d6bbbcto65ceto5331tof689to93a2713882eb
true,pyaes-0,false,4076461,4.074661731719971,4077865,408558e8to52a7to1558tocc33tode0021467ddc
true,video_processing-0,false,14904479,14.901782751083374,14905847,3f10f230to2774toabebto4651to9ab855a7b433
true,video_processing-0,false,11285947,11.283838510513306,11287308,41cf5fc6toc756to1c6eto22d2to277a90497a37
true,pyaes-0,false,2566542,2.564784288406372,2567882,f1b620aftoe067to7a91to7cb2tocb681b26baca
true,float_operation-0,false,2655124,2.653187990188598,2656355,dcb01450toc6eato2fafto653fto0fc8549cb84f
true,pyaes-0,false,4056784,4.054455041885376,4058119,92d7a1fetoc509to478dtob7c6to1733c8276f3f
true,video_processing-0,false,13875872,13.87384819984436,13877251,c2252089to9784to97e1to850ato3f39c39de3ac
true,pyaes-0,false,2605899,2.6042189598083496,2607279,c1a7c882toa1f8tocddeto15b3tob55bf99b2dd5
true,float_operation-0,false,2569973,2.5681509971618652,2571328,da30b865tod89atoe1f0tofe5cto82a5f2d9a6b0
true,float_operation-0,false,2723440,2.721709966659546,2724763,1dc067fftoe52dto3ac8to6118to8ed4a39ffe6a
true,float_operation-0,false,4423798,4.4216930866241455,4425061,ffc1c23ato678eto1204todcc0to5feb601d9959
true,video_processing-0,false,8766690,8.763740062713623,8767925,af6621b5tocd82to5b0ftofab1tob1aab4b8da1f
true,video_processing-0,false,10268063,10.264469861984251,10269365,a625fd59tofb52toe974to12e0tobc6c8f6af879
true,video_processing-0,false,9574585,9.570879220962524,9576020,2badaeb2to8290to5611toee29toafb8bde98426
true,video_processing-0,false,9524808,9.521909475326538,9525748,50318d5eto8c0etob170tofe71to07d7079e6782
true,video_processing-0,false,10023162,10.019453048706056,10024303,c927b235to8634toa473tod27etoc49d1e51de36
true,float_operation-0,false,2713142,2.7111048698425293,2714462,a7a58e1ctod063to0764to44f6to446253b339d1
true,float_operation-0,false,2716843,2.7152249813079834,2717789,bdc28bd6tob797tof584tod50cto6f7a8a6ff62b
true,video_processing-0,false,11921031,11.918173551559448,11922553,2cf7b2dfto952eto260bto8241to3af7f6399756
true,video_processing-0,false,9639943,9.637160062789915,9641575,3a680985to827etofed8to183eto4e9f91d424c3
true,video_processing-0,false,11158576,11.15603756904602,11160038,790e0df8to201ato3848tof891toa31afac7f143
true,pyaes-0,false,4065192,4.062873840332031,4066631,4bcd8335to5c28to9354to5af5tof919c2f3c322
true,pyaes-0,false,2769695,2.7674543857574463,2771137,8c9dfdf0to4e1ato2fd4toa650to32e83117d6ce
true,pyaes-0,false,4076639,4.074328422546387,4078023,3c5ebadfto983btob634to2bbfto466b6683c702
true,video_processing-0,false,11221264,11.2188982963562,11222721,63c477c6to00aato511dtob62dtocbc9236366d0
true,video_processing-0,false,12257113,12.253940105438232,12258654,e30cb2b1to4d12todc0fto6550to6aeff383ce07
true,video_processing-0,false,10667406,10.663700342178345,10668761,d9205caftob371tobf80tod29ftofe9faced338e
true,pyaes-0,false,2794438,2.792538642883301,2795801,eb7daeceto428ftoeae3tobdfatob794f150300e
true,float_operation-0,false,2969251,2.9673237800598145,2970431,71c14792to4b22tod7d0todd70tod5b3106b8e88
true,video_processing-0,false,17611637,17.608429431915283,17613172,9ff8b97etoe3ccto36ddtoee8eto8ceb0dad5d87
true,float_operation-0,false,3746306,3.744575023651123,3747690,59123cc3to97acto8a13tode1dto9ef11cb4f083
true,video_processing-0,false,8978704,8.976358652114868,8980213,a6cdd052to0efdto16c3toa8b0tof73cd2b61012
true,float_operation-0,false,4374580,4.372577905654907,4376044,234ce694tof683to1508toa7fctod4f0fa2dc09d
true,video_processing-0,false,10137836,10.132959842681885,10139286,bf0f39cdtod05bto095dtob7adtod90ca83e06db
true,pyaes-0,false,4067978,4.065961122512817,4069312,fc91dc0dto4ff4to01dctoa96dtof1ea6a9d0a04
true,float_operation-0,false,3129244,3.1271305084228516,3747335,00ebffb8to19c0tobf72to45c3to7b48fbf04299
true,video_processing-0,true,11104323,10.075947523117064,12043859,9f9f7427to7f01to8bbetofd71to9a2c0dc82bd2
true,float_operation-0,false,4336958,4.335085391998291,4338570,ff33ea25to7383tob70dtoaa7cto5c02e4f33e24
true,float_operation-0,false,4185779,4.184083938598633,4187056,45a8426dto188cto2667to7a48to1934a0c05f16
true,pyaes-0,false,2965753,2.9638407230377197,2966939,031d1cd9to1863tob71etoce71toddb258f199bd
true,video_processing-0,false,9607261,9.604300498962402,9608542,3189aaf3toea96to9bdcto3371toccc3923a8ffc
true,pyaes-0,false,2940210,2.938041925430298,2941554,2963c2bcto5d51toc6e9to5225to1a8c580926da
true,float_operation-0,false,2795720,2.7937686443328857,2797003,5a37cd9fto5e97to8f24to12a9toe56e930c4cdb
true,pyaes-0,false,2906279,2.9044342041015625,2907448,76a9807bto8057to7267to1da2to402aca1d9c36
true,video_processing-0,false,15506397,15.503494024276732,15507765,eaca7b07to9273tob1c5to3d7bto5e3b6678f21e
true,float_operation-0,false,2980721,2.9787380695343018,2982290,fa1dc077toedcatoe81cto90f1toe521a60b3248
true,pyaes-0,false,4070807,4.068600177764893,4072270,dfedd41dto568bto9ba5to2f6dtoa33d2bfd5ded
true,float_operation-0,false,2877058,2.875206232070923,2878675,1c4dfd18to02dctoc0cbto44c5to0cb5707642b4
true,video_processing-0,false,8540633,8.53812026977539,8542248,31ee46b5to9347toea02to6ecfto64ae09cff922
true,video_processing-0,false,11885631,11.883239507675173,11886907,bf122dfato7f05to4e7cto6b5ato2b72bc53a4fd
true,pyaes-0,false,2793397,2.791449069976806,2794723,31cd813ftoee2dtobe2dtoc51eto4e3bb0a56c23
true,float_operation-0,false,4162251,4.160176038742065,4163472,b1253981tobd4eto6f0etoe3b7todb8ff33b47cb
true,video_processing-0,false,17018989,17.01623845100403,17020492,60dddf71to2c6cto1d3eto3044toef6875987ce6
true,float_operation-0,false,2782380,2.780433177947998,2783800,2ca10168tod7b7toc9d7to3fd8to657927342b51
true,video_processing-0,false,10556955,10.55506467819214,10558460,f5708ec8tof61fto57afto0073toe98357d59fe1
true,float_operation-0,false,2673588,2.6715173721313477,2675067,dc3fecccto9f82to5dd4to1a8eto75b126fffc54
true,video_processing-0,false,10562685,10.557818412780762,10564125,d07a2683to33bbto6386to906atobf21f462bd6b
true,pyaes-0,false,2662989,2.6608080863952637,2664578,efb2dda1to7163to9465to8a1etofd7f8d401638
true,pyaes-0,false,2572605,2.5705313682556152,2573869,6a21d000tof9fato9f23to6598to3b6a1545091a
true,video_processing-0,false,10611212,10.608463764190674,10612561,f21af6a8tof868to6ef9toa0d7to9b35e25b3a46
true,float_operation-0,false,2780276,2.778794765472412,2781538,af636614to8c6bto12cftoe6eato46d7f62a642f
true,pyaes-0,false,4070876,4.068518161773682,4072094,97af8085toceactoc822to78e1to7045b2e06da3
true,pyaes-0,false,2630124,2.6279232501983643,2631467,f94402beto56f8to9bb3to3802toee1ba9ba6945
true,float_operation-0,false,4341636,4.339539527893066,4343028,1e4ad23bto02b0toc331to376bto7dd792781003
true,video_processing-0,false,10125410,10.121786117553713,10126733,7e055c2ftof380to3240toa251tofd88bcbea22a
true,float_operation-0,false,4189228,4.1877100467681885,4190515,73a57df6to2837to2041to158dto289e5dd7d10b
true,pyaes-0,false,4064976,4.062649488449097,4066238,75e36982to540fto08dato035fto703e06c5f34e
true,video_processing-0,false,10043524,10.03940200805664,10045000,c4aa57a1to3e58toc4d0to826cto8cc10f514df5
true,video_processing-0,false,12047280,12.044317960739136,12048472,96c994adto395bto9de6to9caeto23973afe5839
true,float_operation-0,false,2689535,2.6874890327453613,2691012,958d6640to56cato2d3dtoa70dtoaa1b11eb9e5c
true,video_processing-0,false,9627184,9.624162197113035,9628749,98a618ceto9ffdto068ato1629to73a570cce600
true,video_processing-0,false,11064888,11.060906410217283,11066318,dbfc875bto2d93to02d9to6880to05ef7cfc5897
true,pyaes-0,false,2670296,2.6681368350982666,2671533,2ee05d0ftoc51cto47afto50b7tofafffcc4e42e
true,pyaes-0,false,2687144,2.684906005859375,2688588,54fac318tob32eto1cedto3520toafbb7996d0f0
true,float_operation-0,false,2801722,2.800092935562134,2803203,246fc8e4to270cto30aatoadcdto4cb15f119650
true,pyaes-0,false,4067267,4.065001726150513,4068722,f5e95bbeto1a4eto6af7todf48to40115f269a8a
true,video_processing-0,false,10156891,10.153186798095703,10158354,8a6d16a2toe5a7toeb0bto9a8ctod0d61ead6101
true,pyaes-0,false,4057517,4.055199861526489,4058886,8c6f88f4to2178to286eto094ato95d282439fbf
true,video_processing-0,false,9875120,9.871241092681885,9876525,171a3094to4a73to5749to5789to7fa85088928b
true,video_processing-0,false,12921480,12.919137001037598,12923069,d360030dtoa8ccto1dacto6db5tof8b641f88494
true,float_operation-0,false,4168083,4.16600775718689,4169639,6425a27eto2629to435ato129atofa2e62a44500
true,video_processing-0,false,9232739,9.22960090637207,9234180,c67ac1f0to7e35tof9dctoee51tob9d5c809d5ab
true,pyaes-0,false,2668036,2.666215419769287,2669501,c2cd6c99to57e1to852btoc3fetoab3b958272f1
true,pyaes-0,false,2848803,2.846354722976685,2850405,2d1b104dtoab1eto0fa6toc7afto1764c5f119c6
true,pyaes-0,false,4061909,4.059684991836548,4063153,961b1d95to706eto7e55toa7e8to37c43f8dfae6
true,pyaes-0,false,4025849,4.023370027542114,4027117,6b454fbato6b6ftobe3cto835eto3fb302a50435
true,pyaes-0,false,4083193,4.081031322479248,4084740,f49d01deto5118to2627to92d0toe7359d1e807a
true,video_processing-0,false,8926122,8.923526287078857,8927609,fe0e1a93tof66btoa2c6tob028to5915c38c3bb1
true,pyaes-0,false,4074272,4.071906089782715,4075663,83c96053to5e9cto949fto1f86to927a888b9485
true,pyaes-0,false,4055824,4.053548574447632,4057092,d046e7e6to053ato6891to38c1tode83e3b326ba
true,pyaes-0,false,2799009,2.7974002361297607,2800514,f43db60cto9115to8c90to5e12to363f8d4035fd
true,float_operation-0,false,3055238,3.0531697273254395,3056640,c24fb62dtoc854to013ato0382to96d21f58aeec
true,pyaes-0,false,2840063,2.838348627090454,2841477,e0197ff1to482dto3928to329bto192c3ebc3ca6
true,float_operation-0,false,3012641,3.0109198093414307,3014067,be43e71ato7910to88b6to8370to9f53f6208875
true,pyaes-0,false,4028611,4.026215553283691,4029773,158c943fto0745to4e84to1f10tob2b2a50445fd
true,pyaes-0,false,4036859,4.034830331802368,4038192,64c706e3to2bb4to4b72to5d02to89566daba9af
true,float_operation-0,false,2828458,2.827047109603882,2829690,e5bbd1bbto5952to3734toa60eto61c77c785bd1
true,float_operation-0,false,4343248,4.341707468032837,4344702,f35ba084to4cb7to54d7to3972to25ca0a25fc9a
true,float_operation-0,false,2723861,2.722212076187134,2725407,35194468to0d10to6221tocbf9to91d11f8d3b5a
true,pyaes-0,false,4056869,4.054759979248047,4058284,e96a3b42to7040to3bb8toc094to67162365c807
true,float_operation-0,false,4460273,4.458154916763306,4461706,6fa5d52eto6a44tofe34to610ato47374279081e
true,pyaes-0,false,2617645,2.6154239177703857,2619133,bdbf6bb1toc121to43b6to1e6fto98a0f81ec9af
true,video_processing-0,false,11565022,11.561987400054932,11566439,d5730d2dto6131to9cc1to00d2to7321567de39a
true,pyaes-0,false,4019858,4.0183539390563965,4021225,22cb6ec9to509cto7b9eto9e33to595813266937
true,video_processing-0,false,16686078,16.684340476989746,16687515,c9027f40to5b14to9d1dto62b4tob12d3f04adfe
true,float_operation-0,false,2591547,2.5900166034698486,2593015,6cf2229etof692tofecctoe56ctoabaf4cbdd211
true,float_operation-0,false,4367561,4.3659186363220215,4368977,707ddc07to0fbatob390to662fto1d340f5ca592
true,pyaes-0,false,4023298,4.021688938140869,4024712,01f14612to34efto2a32toa5ebtoc786efba7fd3
true,video_processing-0,false,11239980,11.23659324645996,11241420,8e71bab5to898eto3e9dtoef92to98c09ea64c22
true,video_processing-0,false,16235545,16.233416080474854,16237000,2cba79fbto073dtoa13fto473dtodea513b36f8b
true,float_operation-0,false,2650952,2.648975372314453,2652293,0c01f1bdtod32fto188bto4f20to82e162c753fb
true,pyaes-0,false,4050780,4.0485241413116455,4052125,61685c1dtoaef6to554ato4d09to7f375c495d1a
true,float_operation-0,false,4345376,4.343340158462524,4346683,81fd6227toe466todf31to3b7ctob4a7d393e7f9
true,video_processing-0,false,20654688,20.649893522262573,20656221,d70758fctoe407to4538to5405toce32ebd54608
true,video_processing-0,false,12454823,12.452264308929443,12455924,73f81412toc02ctof9d1to515cto14d9aad270a8
true,float_operation-0,false,2538182,2.53629469871521,2539433,7040247dtoa930to7ddato462bto9c7e117aa506
true,video_processing-0,false,11948997,11.944419622421265,11950422,61a8e5b8tod166to8140tobff8to00e9782a779f
true,float_operation-0,false,4165582,4.163521766662598,4166938,d7ae7edbtofcbbtod40dto7ba0to00b0ebe47e9b
true,video_processing-0,false,9053704,9.050042629241943,9055028,564db47btoae18to8af8to76beto36b0b7885da4
true,float_operation-0,false,4424699,4.422860145568848,4426124,6d8f5513to6abbto9758to59actoe2ff8246a812
true,float_operation-0,false,2589292,2.587641716003418,2590790,8c787caetoe89ato3635to6546to2637b8f9546e
true,video_processing-0,false,9084780,9.082271337509155,9086375,fc5ceecbtoa242to7a74to5111tof6ff5423dcbf
true,video_processing-0,false,10289947,10.286097288131714,10291386,2bfb3ff6to0af6to0019tofe34toddc3ffdb02c7
true,float_operation-0,false,2494897,2.492950201034546,2496396,31020240to1988to9ddetob2a7tocd5f20b264f6
true,video_processing-0,false,8904817,8.902551651000977,8906179,b7d6667ato14b3toffb0tof9d8toaedee63b40ea
true,float_operation-0,false,2682242,2.6802241802215576,2683678,485b4654to9f79to99c3toeb6eto727224131255
true,video_processing-0,false,10029311,10.025896549224854,10030675,f6aa2ba6tocdc1to6fe3to629btod424a041cab9
true,float_operation-0,false,4339578,4.3377203941345215,4340994,6a6ae041toc0datob61fto5b97to4183c4e906f5
true,pyaes-0,false,4055781,4.05368185043335,4057307,94f8b647toc443to3353to0825to7f2c3eeaf5dc
true,pyaes-0,false,4037892,4.035691738128662,4039389,7dacce1bto7e3ftodfe6to13f8tofb638566c075
true,video_processing-0,false,8692980,8.689368486404419,8694484,e6ce2191to5777to9904tob548tofdfed2087edf
true,pyaes-0,false,2707441,2.705554723739624,2708938,43665995to15a4tobca2tod0b1to7b1e6885ead6
true,float_operation-0,false,2667065,2.664978265762329,2668544,d5e7b03eto0fb6tocc4cto419cto73b80096dfa6
true,float_operation-0,false,4434708,4.43269681930542,4436254,cddd7caeto3ebetoadc7to9779tobd5d1abd51d9
true,float_operation-0,false,2994638,2.992919445037842,2996117,6d2ee6b9toa678to5e99to6578to54551e2960e4
true,float_operation-0,false,4191885,4.189862966537476,4193475,e9e53bdfto3511to7b46tobf1dto43afc4bb7f3d
true,video_processing-0,false,8490383,8.48662805557251,8492020,7f00f2a3to5a07to9baato8f47to47b8743aefcf
true,video_processing-0,false,9999582,9.996569871902466,10001047,55e976a3to89f6to5bdetof4d2to6e4838c0a435
true,pyaes-0,false,4046012,4.043638229370117,4047405,d9db62aetob5abtoa3f6to3865to849fd8033a49
true,video_processing-0,false,8365796,8.362626552581787,8367245,fbc7796btof837toe46atoa57cto914193dcb715
true,float_operation-0,false,4233950,4.232213497161865,4235239,b6626c80toe547to64ddto99cbtod99957984a78
true,video_processing-0,false,9937804,9.934107542037964,10071453,301a0ccctob164to3563toc915tocf202c75313b
true,video_processing-0,false,11426735,11.42379093170166,11617226,b7c4db94to75cato5d23to0b47to591f4ff7baba
true,video_processing-0,false,8664929,8.662138938903809,8666357,34ba9528to5b01to458dto62a8to5dfa5397469e
true,float_operation-0,false,2917798,2.9158637523651123,2919066,df2ed448toeb8bto66f7tod76dto994f2cc39e9c
true,float_operation-0,false,4312689,4.311023712158203,4548606,50037c0dtod209tode33to5764to4d7d19b3f091
true,float_operation-0,false,2886700,2.885173797607422,3869244,e6be2836toed9ctodc97toffe6tofd0bb82d915a
true,video_processing-0,false,10914861,10.91332197189331,12208261,d76b7578tod5eftoaec9toa4b9tofe54ca2a5d9d
true,pyaes-0,false,4024869,4.022852182388306,5234910,77304466toa9eeto2159to51bfto899e3d874975
true,video_processing-0,false,10577264,10.575093984603882,12166073,57463501to6486to76ecto651dtoc56abbdb24b1
true,video_processing-0,false,11939559,11.937504768371582,13374460,111db433to27d8to57aeto5743toc4e285a7a681
true,pyaes-0,false,4018341,4.016450881958008,5416197,1bd1faf2to0d15to8085to0a0ato49874b24ab2a
true,pyaes-0,false,4054063,4.051631450653076,5667952,1be729d7toe13atob529to5bfcto5d849b8cdab1
true,pyaes-0,false,2906365,2.9047186374664307,4220113,6bb076e8to3c73to0d66to614dtoe41f4d1fa77a
true,pyaes-0,false,2767579,2.7656357288360596,3716292,dd8d6dc9to992btof887to893ato8f2389b824c2
true,video_processing-0,false,8721261,8.718896627426147,8865895,74412b2dto7780to886cto6fdeto2f52b046609f
true,float_operation-0,false,4163694,4.161604166030884,4165120,92297e42to3284to0f2cto48f6toa990c6a7c405
true,video_processing-0,false,8725820,8.723431825637817,8727284,61f052aato5002to68a1to996eto62b7ea314460
true,video_processing-0,false,8650351,8.647408723831177,8651486,634e7345to6b16toe542toea6atocb0f35df7615
true,pyaes-0,false,4100759,4.09835958480835,4102137,9ab2817cto105ftoa5d1to4e51to45457f18b322
true,float_operation-0,false,4309765,4.307709217071533,4311200,4d17df9eto530cto80b4toea9dto03c964d132f2
true,float_operation-0,false,2892991,2.891444444656372,2894581,e6fdd41fto3b7bto74b8toebe3to2c581e00cb76
true,pyaes-0,false,4032198,4.030328273773193,4033396,479ee37fto961ftofc7dto5a08toaa8e487047e7
true,pyaes-0,false,4027212,4.025256633758545,4028616,39627545to6a2dtoaaa4to2e1ato4e450389f368
true,float_operation-0,false,2866349,2.8642308712005615,2867720,4f02c3bdtoc9cato8920to5782toa5d858426edb
true,float_operation-0,false,2962953,2.9610042572021484,2964344,712e34edtoa520toca0cto32c5tofb68bd1fabc3
true,video_processing-0,false,10178607,10.175060987472534,10180206,c3a72d64to0a0etoa3eeto81f0to1d9c2a7ab4a5
true,float_operation-0,false,4188180,4.186081409454346,4189532,c1e7ab18toe1bdto12c7to8cebto6ca24e24f145
true,video_processing-0,false,8841621,8.839181900024414,8843182,aeac34f6toc342tod329to9ba9tob34e093f344c
true,video_processing-0,false,8200481,8.198113679885864,8201746,fdc547e7toaf94tob444to1beato53ae911cc79d
true,video_processing-0,false,8513955,8.510121822357178,8515405,23ef90b2tofad8to7432tod2bbto4f357e3d381a
true,float_operation-0,false,2897968,2.896193742752075,2899283,e190e1c6toda3dto98c2to7398to7045c1e1350b
true,pyaes-0,false,4095228,4.09294867515564,4096463,8fef2a0fto39eatoea95to96c3to697dd43eb761
true,float_operation-0,false,3013506,3.011598825454712,3015033,80a695aato65cdto222ato014bto8cdad5653659
true,video_processing-0,false,8948344,8.946513652801514,8949915,a2a02aa7to33d6tofae9to8f48to381bb5594637
true,float_operation-0,false,2616997,2.6150617599487305,2618472,6baba08fto3564to76fctoac0ftoc02844eb7bf1
true,pyaes-0,false,2668504,2.666204929351806,2669939,91cd9140to396fto710fto515bto0edb3cb5f7c7
true,pyaes-0,false,4023040,4.020705461502075,4024091,1f475c81to5613to3fa0to1037to704b20d89191
true,video_processing-0,false,9465721,9.462151765823364,9467177,b2fbe96fto82cetod35ctoac76to448515997149
true,pyaes-0,false,4052934,4.050957918167114,4054287,d4b64c54to1ad2to70f2to3d45to080a4c0e19db
true,video_processing-0,false,8555127,8.551254987716675,8556463,da98ef86toab09tod7d8toa866to017080b484cc
true,float_operation-0,false,2716459,2.7149126529693604,2717916,e54ab1eeto4dc9to75d5to5ec4toaf97eb83218c
true,pyaes-0,false,2777513,2.775382280349731,2778879,abd4896atoe44dto9dfctod5fbtoae66583bec63
true,float_operation-0,false,2780849,2.7787926197052,2782303,824ea817tobf6btof03cto8f7etoeb4fd167228d
true,float_operation-0,false,2831142,2.829540967941284,2832533,4fd6cb50to346ctofb1ato04a0tof6cef2f294cb
true,video_processing-0,false,8342442,8.3396315574646,8343765,b5185240to3970to3bcdtoc856todfef8bd51ab0
true,video_processing-0,false,12435648,12.432422399520874,12437113,19bf976ato9d1ftoed3eto498bto62ca6c59dd78
true,pyaes-0,false,4078819,4.0767292976379395,4080099,3d337ab7to70b7to9931to24bfto8d72bd377a52
true,pyaes-0,false,2628836,2.6265554428100586,2630326,8969b088to96bfto5f06to76a5to954d6ed5c74d
true,video_processing-0,false,8553825,8.550890684127808,8555344,d16a73b4to7486to06e5to6601to567e885a1303
true,pyaes-0,false,4051385,4.0491321086883545,4052876,a276bd66toa335to4c7bto2fc8to8066cd253d86
true,pyaes-0,false,4024895,4.022862911224365,4026130,5f07b050to1632toc010tof61btoa5c4fb77e375
true,video_processing-0,false,8814526,8.812218427658081,8816048,b367a174to48abtob65ctoda7ctoee25a7b67d76
true,pyaes-0,false,4019407,4.017220735549927,4020517,290a438eto7941to3c47to4347to93ccbcbc9674
true,video_processing-0,false,8254610,8.252038478851318,8256128,07cf462eto2513tob302to8261to04e92e35c4cd
true,float_operation-0,false,2879359,2.877260684967041,2880883,327b5107to38c1to681fto23f6tof81dd34ea9a2
true,float_operation-0,false,2726331,2.724299907684326,2727801,39d67b6dto3de9toedc2to7105to268ea63b0679
true,video_processing-0,false,9730736,9.728063583374023,9732356,cc183547tod22ato3d81to1b58to4644f6549aa7
true,pyaes-0,false,2627298,2.625138521194458,2628808,d866a0c0tof3abtod379tob320to3c00cb94aeec
true,video_processing-0,false,10468504,10.463830471038818,10470004,322400efto0618to804ato49dfto8224aeb7a8e3
true,pyaes-0,false,4083896,4.081538200378418,4085713,5a423ed4toe7aeto016etofdc6to2b707a29ab61
true,video_processing-0,false,19007797,19.00500226020813,19009316,52aeee84tod5dcto9ff5to39b4tofdc4b55a928a
true,pyaes-0,false,4039646,4.037806272506714,4041155,a56a1726to42a9to88dctoa062tob08a0254fe21
true,video_processing-0,false,10480613,10.478359937667848,10481910,16a88ed3tof2a7to2258to3d40todfd46917c4ee
true,pyaes-0,false,2605902,2.6039958000183105,2607302,e85cc6f8to6d90to3d0cto48c7tof802cc9114a0
true,pyaes-0,false,4027311,4.02495813369751,4028772,b643a981toba2ato2a93tof3e0to27961be2b6ae
true,video_processing-0,false,8638303,8.636142015457153,8639649,128853f3tob846to8b4cto45a3to615a0ff6e3ad
true,pyaes-0,false,4051319,4.049062490463257,4052629,250acc16to7713to66f9to0804toffaac6427e03
true,float_operation-0,false,2765826,2.763787269592285,2767359,f16d4521to4467todc4fto5a93toc7ecea597fb0
true,pyaes-0,false,4072127,4.069911003112793,4073699,b8ab0d19tob681to3a4cto85d0todcf799281cd6
true,pyaes-0,false,2668199,2.66626501083374,2669668,69a83853toa6a0tocf36tof0ffto26c7b4ce40f6
true,video_processing-0,false,8854163,8.850588083267212,8855651,a085fb6dto520atoa1a8to58ddto38a527c82d9f
true,float_operation-0,false,2751117,2.749448537826538,2752662,e013d938to906ctod72ato8423to794e5db7546a
true,video_processing-0,false,8963920,8.960842847824097,8965225,a39af4adto7603toa7bdto95e2to54d5a62e649e
true,pyaes-0,false,2657278,2.6548192501068115,2658807,ceb7e0bfto7880toaad7toc2d1tof2345f9b5912
true,video_processing-0,false,8582553,8.57973027229309,8584063,86b565e8to850dtoe4e0to9666to4710508b065a
true,float_operation-0,false,2660454,2.6589126586914063,2661883,b9b9ffb4to527eto8112to4778to799b6bef1d46
true,video_processing-0,false,9731725,9.727997064590454,9733153,ac6b8a9dto851atod3f3tod1cctof07ae8f1d5f2
true,pyaes-0,false,4053027,4.051035404205322,4054364,e6d62686tod268to0310to51b8to22a42fe7c93d
true,pyaes-0,false,2665139,2.662864923477173,2666512,cc326b96to19ebto4cc4to5863to9fc29c77e75f
true,float_operation-0,false,2820764,2.8187882900238037,2822258,b89f7e68to1982tob201toec7ftoefb8ffe326c3
true,float_operation-0,false,2665225,2.6637210845947266,2666589,b1dd866dto546etoce78to54e7to083bd4540e4f
true,video_processing-0,false,9677225,9.673659086227415,9678716,5547da1ato1309to69ectodc5eto02e2e86daeaa
true,float_operation-0,false,2836205,2.834599018096924,2837581,22a3767etoa5d8to9623tof0ccto64b65a4f2c0e
true,video_processing-0,false,9979184,9.97591233253479,9980631,c47e7acfto9bb6to61f7tofd2atoece3adf6a30c
true,pyaes-0,false,2731606,2.7296500205993652,2733092,936bdc8ftoe3c5to2ed8to9fectobd5699cea5ff
true,float_operation-0,false,2986937,2.984907865524292,2988341,149f7ecetof88eto7971to5a40to52deca52a74f
true,pyaes-0,false,2760817,2.7585506439208984,2762287,522277cfto1b0dto3364to589bto63e33ca71542
true,pyaes-0,false,4027971,4.025674343109131,4029387,5e44518ctocec8to2e42to5b35toa3203a2f5fb4
true,float_operation-0,false,4157022,4.154811859130859,4158396,1911d92bto7463to35d5tof5b7to3554faa2a304
true,float_operation-0,false,4314435,4.312558650970459,4315835,7a47b7e0toa454to61f3to8665to88e31cc31135
true,pyaes-0,false,2796433,2.7941391468048096,2797743,361ee575to836atoe125tobe44toa32cf494b024
true,pyaes-0,false,2851115,2.849161386489868,2852489,e43b442dto0c6eto34e6to3db8to8520450141b8
true,pyaes-0,false,2944514,2.942551851272583,2945972,5bb5305fto5173toe77dtoa122toe2d0f235f087
true,float_operation-0,false,2936715,2.9348390102386475,2938188,d023b510to85d7to58b6tof074to2a2c0bf2707c
true,pyaes-0,false,4058750,4.056969881057739,4060166,04cbb72ato3750toe90etoc58dto6b425adf8de7
true,video_processing-0,false,8458566,8.45642876625061,8460050,d7745783to0eb1to5684tob530to5667fd791339
true,video_processing-0,false,8914245,8.910812139511108,8915785,7ed228d7toa5a2tof7batoa43atofc456e2e3228
true,pyaes-0,false,2796210,2.794227361679077,2797638,d5616a81to33c4tob2d6to0b70to6a5ca231f947
true,pyaes-0,false,2821951,2.819837808609009,2823371,ac2f5281tofb1ftoe696to449atoc7888c8668d8
true,pyaes-0,false,4059787,4.057977199554443,4061170,c9b434e3toa490to0298tof254to60bdafef4059
true,video_processing-0,false,8421935,8.419393539428711,8423141,fd5156e4tof114to4945to2e9ato688d4e87c5b1
true,pyaes-0,false,2766350,2.7640669345855713,2767824,9b482f37to7c92tod528tod4c7to439827f551b7
true,float_operation-0,false,2724290,2.722567081451416,2725604,4af15ff6to5170to8574tob972tobf6a5996a36e
true,pyaes-0,false,2613950,2.612250566482544,2615389,eb5c6bbato8663toe2b9to2cactocd8566128ef4
true,float_operation-0,false,4295399,4.293412923812866,4296463,4893f437to7d62to328etof5d1tobc22ba0f871b
true,video_processing-0,false,8521931,8.518426418304443,8523217,9d6e1c60toa27ato02c4tocb4ato278118d9711d
true,pyaes-0,false,4074763,4.072363376617432,4076053,ce5fdec6toc66eto14fbtof3catoa730b50e6cf0
true,float_operation-0,false,4155943,4.154150009155273,4157466,277382f3to8b5eto0d98to2e8ato821e1dfb17f5
true,float_operation-0,false,2943211,2.941171646118164,2944675,b79813a6to2559to4532to2b64toae1a6b7cdca5
true,pyaes-0,false,2677067,2.674730062484741,2678493,bed4a1b6toc707to8146tocf7fto2d5e0da88eb8
true,pyaes-0,false,4059851,4.057541131973267,4061268,57ce8aadtof422tob043toe19ato5b3d6ebfd62c
true,pyaes-0,false,2719354,2.7170817852020264,2720755,67e8bb1ftoa475to1cc1to6bfdto26040871927e
true,float_operation-0,false,2677694,2.675628900527954,2679078,3ba3df79tod977tod18etof25ftoed62ed0635c7
true,float_operation-0,false,2712387,2.7102997303009033,2713885,8a33b5d7to294bto7e9cto6f98to499860fb4232
true,video_processing-0,false,9811965,9.80792236328125,9813490,324c1dacto3a40tof03cto32c6to4ac2789d6d10
true,video_processing-0,false,10259335,10.255793809890749,10260940,45c53d78toc861todf0ato0168to312bab42eae3
true,pyaes-0,false,2534893,2.5327203273773193,2536358,8e4f2cbdto4cactoddb0tobb07to8ae0846be9ff
true,float_operation-0,false,2748838,2.7473316192626953,2750269,416cdfb8tofd10toba74toc7e5to80039d295185
true,pyaes-0,false,4070817,4.068667411804199,4072483,01146dd5to2b85to9519tod766to63afc7841075
true,video_processing-0,false,10007913,10.004207611083984,10009456,46009050tob90ctocc55to1ac8to141bbd8cf0b8
true,pyaes-0,false,4057540,4.055222034454346,4059027,4b98905dtocbb3to8721to70a6to5e8f42ae195b
true,video_processing-0,false,8560626,8.55756425857544,8562150,096d0ca4toaaa0to0c69to358dtoee6178d6303a
true,pyaes-0,false,2603084,2.6007955074310303,2604596,2f42a6d0to1685to1975toda09tocc16e0593da3
true,pyaes-0,false,2547593,2.5460073947906494,2549005,fcde07a3to037btoe661to3903toaca17f068e14
true,float_operation-0,false,2802208,2.800189256668091,2803387,327efffetofb14to03aatoccd6tobac1505e0f48
true,float_operation-0,false,2698063,2.696087121963501,2699508,7b0b488btoacf2to6105toac6atoa269fa05586c
true,pyaes-0,false,2680856,2.67873477935791,2682458,e19aaa04todf2dto4d24to10c1to1ac607d76ab9
true,video_processing-0,false,8794752,8.792501211166382,8796072,4fd10ac3toe534to966dto8793to9b018da42a3f
true,pyaes-0,false,4031662,4.029341220855713,4033089,7c087fdfto9319toe648to23fbto18106835f001
true,float_operation-0,false,4219643,4.2179038524627686,4220973,ec9f671ctof78eto86b2to010ato6fdce21d02cb
true,pyaes-0,false,2582325,2.580432176589966,2583759,2b58a4bctofd69tobc3eto6c9ato592a65e8ae48
true,pyaes-0,false,4056454,4.054018974304199,4057892,1ee48845toa2a2to51dcto4061tob7dcd5720427
true,pyaes-0,false,2627488,2.6255409717559814,2628888,613d0913to369eto794ftob6d2to91c2852e6bf5
true,float_operation-0,false,2805711,2.803684949874878,2807078,5e819925to0fa7to8c5ato7900to3e12028196b9
true,float_operation-0,false,2883044,2.8812179565429688,2884406,d8e8f449to906cto0e79to0830tofdbfc61763c6
true,pyaes-0,false,2657611,2.6553356647491455,2658793,dea65b93tob603to94d3to0fb1to040279e367d1
true,float_operation-0,false,2795995,2.7939624786376953,2797401,b807944btoe815to3688to7106to238df421ab4f
true,float_operation-0,false,4301134,4.2992658615112305,4302528,4e18a135todf81to93dbtob416to72d4750c601d
true,video_processing-0,false,8132487,8.12997817993164,8133991,e752c543toe998to84f7to13c5to7a828367c0fd
true,float_operation-0,false,2684550,2.682542085647583,2685869,a8797745to1641toba04to9540to7726232880c6
true,float_operation-0,false,4371660,4.3700244426727295,4373019,d3799598to9ed3to1553to0274to81c68348434f
true,float_operation-0,false,4271980,4.270261526107788,4273509,e543e0e1to0966to2b26to397cto7d2bc7db85bd
true,video_processing-0,false,10893856,10.89076280593872,10895407,45520095to215bto899etod854to340153c0439d
true,float_operation-0,false,2734459,2.73276686668396,2735910,d75e8cd5toa786to309btodebdtoba1c389b3618
true,video_processing-0,false,11600630,11.598315954208374,11602011,729831d5to478ato1f44tocd19to70400d99d886
true,float_operation-0,false,2630969,2.6289477348327637,2632352,fb368204to77d3to7e3atocc45to743efdd27dcf
true,pyaes-0,false,2636361,2.634239435195923,2637998,53690a48toc903to6df4to9a0fto153340e007ad
true,pyaes-0,false,4051122,4.049060583114624,4052545,b032962ato4803to6961tof0aeto0b774c877d0f
true,video_processing-0,false,8894210,8.890650510787964,8895928,a00fd620to132ftofe36tobca0to94406327f031
true,pyaes-0,false,4036588,4.034593820571899,4037902,2bc61c4ftoc884tod87ctob82btob585e384ff38
true,pyaes-0,false,2623914,2.622252941131592,2625041,b6b06d31to6012to2ea2toad8bto56ead601e945
true,video_processing-0,false,9920850,9.91886305809021,9922276,2424ce12to5ab4to2fd1tod3e2to14c39cb85608
true,pyaes-0,false,2624235,2.6220595836639404,2625678,e6ba0020to2ed3to399btoa8f0to5f48a855d509
true,float_operation-0,false,4364698,4.363126754760742,4366056,f415cae1to5958tod68atob718to6f413e221072
true,pyaes-0,false,4055432,4.053133010864258,4056807,8c3a5166toc02ato79c9to13f2todd5dfe45b541
true,pyaes-0,false,2565443,2.5633015632629395,2566854,bc085042to3476toce87tof0ceto2ee514eac8fa
true,float_operation-0,false,2647502,2.645510673522949,2648856,17aaa6b0to1b56toc33cto65eatoa2a11f17c663
true,float_operation-0,false,2719769,2.717653751373291,2721158,61d1b323to312ato6a56to6956to1bfad8894563
true,video_processing-0,false,9852077,9.848575115203856,9853480,e590dcbato4a16to9d3atod3f7toacfd8cf43d8d
true,video_processing-0,false,8793594,8.790598154067993,8795080,eb51766eto6fc1to7301toc862to49486718a42d
true,pyaes-0,false,2600389,2.5988848209381104,2601884,96631aafto3fb8to06c8to202btobf78336d78d2
true,pyaes-0,false,4034468,4.032615661621094,4035932,384de61dto9f7atoba9ato56abto8209393fce69
true,float_operation-0,false,2892460,2.89062762260437,2893752,488193e3to6bf3to75datoe1f5to95120d562d07
true,float_operation-0,false,4309613,4.307334661483765,4311308,5e4cd7e2to4c0dto06ffto59b9tob69a2258f385
true,float_operation-0,false,2787865,2.7861573696136475,2789299,b4d77e86to6f99to1fd9toad34toc06d9ab54f65
true,pyaes-0,false,2750688,2.7485098838806152,2751871,dbd96663to532ctoad64to8dabtoab17165854a4
true,pyaes-0,false,4044024,4.041583299636841,4045346,82d85c8fto6b02toc4e8tod53bto7c8b04b21e67
true,video_processing-0,false,8524297,8.520851850509644,8525637,3bbe4db2toc59ato7244to3416to3fa1c8cb2be4
true,pyaes-0,false,2849001,2.847263813018799,2850266,c90bc267tob7a4to91c9toc44ato67978197955d
true,float_operation-0,false,2987538,2.9855682849884033,2988764,87dff064to76f3todb2eto6fa5to7ac48498b1e4
true,video_processing-0,false,8534280,8.532414197921753,8535738,34c8a1e7to483bto541fto7023toe067e4942d80
true,pyaes-0,false,2786745,2.7852516174316406,2787921,4acfcbf4to07f7to33e6to39cdto250667e9b543
true,pyaes-0,false,4057340,4.054973602294922,4058593,0fb9152etob3d0to0f51to849bto883d69ae8fc5
true,pyaes-0,false,2894397,2.8920798301696777,2895798,9120a9d8to5592tob896to0bcbto1c10acaa7926
true,pyaes-0,false,2899641,2.8974826335906982,2900949,361cef05to96fdtofb39to0a3atod76905072ba8
true,pyaes-0,false,2777670,2.775626420974731,2779153,abfada85to31c7to6229to5c54to88d1e168a756
true,pyaes-0,false,2947867,2.945920467376709,2949447,62e389d3tof9a6toff17to42ecto8a1719ff6ef3
true,video_processing-0,false,8900168,8.896713495254517,8901366,37f4b550to7a40to1c2fto063btob53fc5a48173
true,float_operation-0,false,2905939,2.903968334197998,2907286,8ab4427eto661eto2ecdtoe350to116d78517807
true,video_processing-0,false,8766140,8.764465808868408,8767221,67765930tobf04toca18to3d6bto31a5d7b3ddfb
true,float_operation-0,false,2725134,2.7232232093811035,2726433,1fada61atoa505to0914to96e3to7a523b5e436f
true,float_operation-0,false,2780483,2.7792274951934814,2781728,0d00df30toa6b2to567dto8c72toc96709b2391d
true,video_processing-0,false,10107153,10.10483694076538,10108481,e0fca230to2bd0tocfc9tofd1ato5a688e55faea
true,pyaes-0,false,4060730,4.058821439743042,4062132,b2d950b0to4b69to4179tof638to60efc24b4cd1
true,video_processing-0,false,8802481,8.799962759017944,8803811,395ad65cto5f20to2122tof5aftoc0fef057aa5f
true,float_operation-0,false,4315673,4.313880681991577,4316987,283ef5f2to5cc5to2995to22d6to533aa78699cd
true,video_processing-0,false,8479953,8.47799038887024,8481393,b2bf8dadtoa0ecto880ato57d6to485596568f37
true,float_operation-0,false,2660187,2.658228635787964,2661635,43adf8f9to78f0tod21fto9edftod2fbcf048b20
true,float_operation-0,false,2709580,2.7080318927764893,2710852,bba765f4to7ac8to5a1ctod946to022749243403
true,float_operation-0,false,2588116,2.58639144897461,2589442,7fc8db65toa8f7to4961to7673tocd94147023f5
true,video_processing-0,false,9504882,9.50157380104065,9506401,e197d2c4todbd8to9b9eto057bto831cd118ea2d
true,pyaes-0,false,4059393,4.057085037231445,4060800,85c61e5cto4e98tob201to89feto59e29113615a
true,pyaes-0,false,2821267,2.819314479827881,2822451,b423ca94to877atofb86to6f49tob5ee9df52557
true,float_operation-0,false,4366002,4.363975763320923,4367267,b990ae4btobf70tod984to02abto7923f1d88cd9
true,video_processing-0,false,8606574,8.602973699569702,8608032,144d488ftoef4fto0e6dtocb41tocc30b7aa05cd
true,video_processing-0,false,8984309,8.981846570968628,8985743,d1679e84to031dto457cto3c6eto798e0c73ed74
true,video_processing-0,false,8783332,8.780859470367432,8784790,5def8320to223dto65e8to4edbtoa286d74969e2
true,video_processing-0,false,10111135,10.10817813873291,10112671,0ae06d16to6190to9c71to9cceto55fdf883e027
true,pyaes-0,false,4059183,4.057263612747192,4060763,0f4b00d6to75afto5b01to59b3toced0e57f2af7
true,float_operation-0,false,2830639,2.8293259143829346,2831840,584365a3to2969to5646to44c5to0a809dfc2975
true,float_operation-0,false,2806771,2.805345296859741,2808124,9956f01dto0791to0548to13f8toadb772f5f51e
true,float_operation-0,false,4304154,4.302741527557373,4305445,9613684dto4b4fto4400toc350to504bc5257239
true,pyaes-0,false,2841584,2.839946985244751,2843001,3004ee32to68c1toaf1dto2fe1to87facb2fb203
true,pyaes-0,false,2870471,2.868157386779785,2871818,b4558c8atob3d3to97d1to506ctoaae981bdbdd1
true,pyaes-0,false,2852326,2.850524425506592,2853893,26afd4f8tod074toe263to4457tocbcf1fb7c44c
true,float_operation-0,false,2913663,2.9116432666778564,2915053,0dcb1ccfto7623to0fd5tob927to3279b9526746
true,pyaes-0,false,2910735,2.9088850021362305,2912088,de509dfato61f6to4bf8to7422tob71bf90b1ec8
true,float_operation-0,false,4183076,4.181155681610107,4184570,9181387fto5dcbto89e1to99b7to9d6c8c075933
true,video_processing-0,false,8846885,8.845024824142456,8848289,e709cba2to5d45tobe05to32f7toa68d5b0d84d6
true,pyaes-0,false,4065301,4.062975883483887,4066629,b24fd191to1105to9dfctob43ato296c308c4070
true,float_operation-0,false,2857504,2.85591197013855,2858969,ffad7bc3tob7f5to3839toaae9toda622e06cceb
true,pyaes-0,false,2699467,2.6979668140411377,2700966,50f33b82to161ftoa59ftob0b2to1fe4018ab780
true,pyaes-0,false,4024397,4.022033214569092,4025657,0f34a3d3toe18atob56dtod8aeto6302a175554f
true,video_processing-0,false,9737212,9.734360456466677,9738730,8e887914to91cdto18c6to5b72to3cfe148a3905
true,pyaes-0,false,2662686,2.6603987216949463,2664290,44244921to03e9to9108tod174toa75e861691de
true,video_processing-0,false,8594220,8.5914785861969,8595805,f3c12939to7197tof999toec31to453cfcd6cb13
true,pyaes-0,false,2836603,2.8342785835266113,2838143,3becbd61to391eto8cfcto9384to20a9b9923099
true,float_operation-0,false,2635336,2.6335582733154297,2636919,e91f465cto5d95to9b97to64d4to840f741a9acd
true,pyaes-0,false,2609502,2.6077325344085693,2611000,b0129c47to5da9tobdbdtod125toba760c59337d
true,float_operation-0,false,2704851,2.7033424377441406,2706304,1c94732dto63c8to13fctob8a3toc4ab15cf1f60
true,pyaes-0,false,4064266,4.06200647354126,4065687,c1dcdca8to76c6to1214tobd3dto709d5dd5b4a5
true,float_operation-0,false,4151042,4.149320602416992,4152436,fd6051c4tod875to6035to073eto59012baa9ef6
true,video_processing-0,false,10266323,10.26309609413147,10267848,1e58c7dbtob52cto8ecdto61c5to8a151730c624
true,video_processing-0,false,10609285,10.606083154678345,10610721,042dd52dto7773to87b2to7be5tof8bb835fe7ff
true,float_operation-0,false,4329543,4.327497720718384,4330972,f3a4c2a3toc95cto5991toe9f1to6d1117168fc5
true,video_processing-0,false,9053053,9.050887823104858,9054413,5ac30aeatodc8cto2e0ato560ato08a84acaa844
true,video_processing-0,false,10517554,10.51527214050293,10519273,fd12d28eto41cetoe067to5d78to2b33beedb216
true,float_operation-0,false,2617702,2.616015672683716,2619158,20f4c539to5a39to3ffctod1a2to6093321a7f47
true,float_operation-0,false,2536624,2.5345780849456787,2537951,0658e6cdto5856toce5dto374ftobad9a7f05104
true,float_operation-0,false,4363811,4.3619232177734375,4365289,87c30357to0541tof0a7toccacto0764f9d29a9e
true,pyaes-0,false,2527085,2.524799346923828,2528558,bdc81929tod650toe547to6867to731784ec6aae
true,video_processing-0,false,9053084,9.05000138282776,9054420,b43ea17bto5c9ato9921tof3c0to7dc4a0ee7a15
true,video_processing-0,false,9874484,9.872078657150269,9876037,3b9dc5cetof22eto6ea0to2e8ctoab739b0afdaa
true,float_operation-0,false,4187821,4.185864210128784,4189301,023d3d2btobc13to228fto66f6toc8859daea888
true,pyaes-0,false,2591044,2.588740348815918,2592503,f9f83106to41aftod850toe312to27396699a35b
true,float_operation-0,false,2688117,2.686169147491455,2689523,3977247ctoebdato1345to6687to001d86ba78e6
true,video_processing-0,false,9956115,9.953938484191896,9957639,114ccf6ato9cb9tocbactof3a6toad43e37b5f03
true,float_operation-0,false,4317619,4.315314769744873,4318928,c27253d3to5aa3to102ato5a81to29423c422539
true,pyaes-0,false,4036589,4.034427881240845,4037949,5699f61etob7dftoeed9toef01to3dc8e7150bf9
true,float_operation-0,false,4360655,4.359029531478882,4362236,6999c704to3e90to3ffcto56acto0eda5b7443fc
true,pyaes-0,false,2930264,2.928022861480713,2931606,58373374to2fc7to0ab7to52d1toc6a1f128717e
true,video_processing-0,false,10128017,10.124431371688845,10129665,671ce52ftof55atod4aetoc448to9a9f618c46ce
true,pyaes-0,false,2851643,2.84938645362854,2852943,0b380e4ftoe5a9tobce1to2c3atofbb9a64761d0
true,video_processing-0,false,10319859,10.316917896270752,10321196,69512a0dtod0c6to00ecto2602toc68b8535145f
true,float_operation-0,false,2881239,2.8792004585266113,2882701,422b0fafto2545to3f56toe1a7tob60986e848ea
true,video_processing-0,false,20840406,20.836344957351685,20841822,7010774ato6ddeto6c74to6b71to0fe60624a7bd
true,float_operation-0,false,3009450,3.007829427719116,3010936,af52fe2ftof990to97b1to55e6to56611775e6f0
true,float_operation-0,false,4164181,4.162543058395386,4165600,2f674e57to65a0to5f44to9e74toce7ff3fb6db4
true,video_processing-0,false,10128169,10.124569654464722,10129726,964faf42toe049to23bato9cb1to4a61d794e89b
true,pyaes-0,false,2791644,2.7894058227539063,2793033,940745eatobcb4to1432toa0f8toc34411be546b
true,float_operation-0,false,2884729,2.8826513290405273,2886127,29e46ec7toc29eto65a6toeda0to0a5dce6b004b
true,video_processing-0,false,8892134,8.889387369155884,8893550,f4831beftoaab5tod6a2to72cetofbec1ce71152
true,float_operation-0,false,3114589,3.1127493381500244,3116067,caffd4d9to0296toaa4fto9b34to962c8736e19b
true,float_operation-0,false,3156920,3.1548805236816406,3158417,683e9466tod8cdto8ea6to2c78toc2d57cdfb6ad
true,video_processing-0,false,9472334,9.469612121582031,10267398,df003ce7to27e9to4f5eto137bto44fe01a63c3a
true,pyaes-0,false,2698263,2.696504592895508,2699532,089108dfto46a6to2852to06e6to9cd223023c53
true,float_operation-0,false,2623045,2.6212379932403564,2624391,ca0dfd62to8144toca1ato92e7to5e0cc4160ed9
true,float_operation-0,false,4314862,4.312757730484009,4316086,00c64f57to0f42tob4fbtocf16tof1910e87a0d7
true,video_processing-0,false,11683676,11.681164264678957,11684903,fbb359b3to5c89to4632toefdcto2a86ae83c854
true,float_operation-0,false,2801923,2.79992413520813,2803345,3a7e3fb0to11eetob525toe5e0to46afde8aea00
true,video_processing-0,false,9899038,9.896020889282228,9900638,509a2ebbtoaa63to89b2tobfcfto0b1c61c2dfa8
true,float_operation-0,false,2592142,2.590405225753784,2593641,446b4a16toe2f6to99bfto0046to0368934f0998
true,float_operation-0,false,3000914,2.998940706253052,3002419,6eb8b15ctod418to8cedto2fdctoba309b42ffe0
true,pyaes-0,false,2693386,2.691730260848999,2694978,89f71492toacbato44b0to8ef8todb4b083d6630
true,float_operation-0,false,4413847,4.411907196044922,4415342,285b0bebto884ftodde1to6ae3to9da2098a27a5
true,video_processing-0,false,10550795,10.547842502593994,10552152,71edf1dbto6ad4tod573tob76dto8308bcf3a76b
true,video_processing-0,false,9277927,9.275944709777832,9279241,8a8cb050toff73to95bdto9ff0todfa3c1fc9336
true,pyaes-0,false,4021797,4.019794225692749,4023077,7a477b55toe5c9to3bb6to2c3cto89d0b215d987
true,pyaes-0,false,4038395,4.036055088043213,4039795,8e49a076to001cto36ebtob165to09b804c917fb
true,float_operation-0,false,2965098,2.963033676147461,2966548,23ff39a8toe64cto57fato75f7to0e9a78d969ae
true,video_processing-0,false,8924491,8.921746253967285,8925909,4f0497c0to7ad8to7b0ato46ecto04e1d46ff1bf
true,float_operation-0,false,2562376,2.5603785514831543,2563819,e96de05eto14d4to6d13to362bto43003344bcba
true,float_operation-0,false,2715983,2.7140066623687744,2717252,4beb5b8ctof944to0af9toaf31to3f7d5bbbbf5f
true,video_processing-0,false,10181829,10.177852392196655,10183375,652fe70ftoa32btoe1b7tod586to43255d7faff3
true,float_operation-0,false,4378309,4.376427888870239,4379735,f2be6928todf19to4472to4c62to5123e23f0173
true,float_operation-0,false,4300444,4.298244953155518,4301845,f4fbd3efto41d7to698ato4da3to88e11bfc930a
true,video_processing-0,false,8526951,8.524109601974487,8528455,c5e16beato290ctobf27to66cftoa348d78a68c2
true,video_processing-0,false,8888032,8.884338140487671,8889365,f451dc3fto0c99toefc7to1b8fto2b82142656c6
true,video_processing-0,false,12457055,12.454661846160889,12458629,78b8fdf7to8442to0fe6tob789toc2f5d7b167c6
true,float_operation-0,false,2655418,2.653866767883301,2656994,38ec8745to0295to8514to9b6dto87d9e789258d
true,float_operation-0,false,2660147,2.6580960750579834,2661666,5587dc3etod4a6to7b47to50cfto2be853d03b91
true,video_processing-0,false,10470731,10.468931913375854,10472358,3dea8028to0168to56fcto0354to9ecd954f7e22
true,float_operation-0,false,2988379,2.986776113510132,2989920,2b189325toce24to6ee1toe2fbtoec2dd4452fd3
true,pyaes-0,false,4036290,4.0338616371154785,4037666,62b97b05toaf36to4be8to4555to94f0f7d96a91
true,pyaes-0,false,4021774,4.019580602645874,4023271,a412d035to5a74toc885to7cb5toaba42b0c82eb
true,pyaes-0,false,2774895,2.773256540298462,2776147,d21596f8to9df4tocd78to8156to8610f2b67992
true,pyaes-0,false,2712632,2.710825681686402,2714156,e852e91ctoefc6to8875to95c9toe04a3590d557
true,float_operation-0,false,2611065,2.6089911460876465,2612554,53e8899atoa250tocfb3to3264tocdb172606f02
true,float_operation-0,false,4327296,4.3250555992126465,4328798,64700d59toa794tod19ctodc76to8224026e6763
true,video_processing-0,false,9985644,9.983189105987549,9986955,c53b8bd5todc47tocd81to9a0cto6588133d9123
true,video_processing-0,false,9388328,9.385685443878174,9389792,a8fc16bctoae48to5bc8to53f4tob9a6d95cb649
true,float_operation-0,false,2973666,2.971647024154663,2975208,21fd81d0to0fd9to30c0to50f9tob8d28310155c
true,float_operation-0,false,2744862,2.742896795272827,2746311,3160464atobf21toe20etob97btoeb33605dbea8
true,video_processing-0,false,9261831,9.259759902954102,9262944,6462b5d0to121eto35cctocf07to08968c858afa
true,pyaes-0,false,2595194,2.5931854248046875,2596484,807f74b8tobd74tobf19to515ctoa140f4db6134
true,float_operation-0,false,2549693,2.547579526901245,2551151,94e87279to0aa8to20e8to83deto62ab237cd312
true,video_processing-0,false,10424854,10.421841144561768,10426124,e557174dto69a0to33d6tof484to716ff80924d4
true,video_processing-0,false,16255085,16.251400470733643,16257153,4822340dto9ccbtod876to941ctoea6b32219505
true,pyaes-0,false,4022501,4.019906759262085,4024355,9830bd36to17e3to6a92to2470to5824b50163cd
true,video_processing-0,false,9085595,9.083221197128296,9087248,a7ace68ato725ato6d15to8e5ato7f0b6c731038
true,pyaes-0,false,4044311,4.041882038116455,4045855,9347eac9to9f5dtoe126to90c2tod78c69545293
true,pyaes-0,false,4145837,4.143911838531494,4147323,530db36dtodab8to1df5toc236to0c4a0902a04f
true,video_processing-0,false,19379826,19.37741231918335,19381153,4301168ctob961to6ad6to00actodecd8f1f6032
true,float_operation-0,false,4295942,4.294063568115234,4297470,7711c619to1515to902ftoe038todc955a1eee93
true,video_processing-0,false,9775073,9.772767782211304,9776474,90a29517to0e30to1baatocbb8tod89c5b4475d1
true,video_processing-0,false,20636371,20.633301734924316,20637884,983a43bato9860toa6cftobf70to36345a9d3755
true,float_operation-0,false,2648593,2.6465766429901123,2650159,c25dc632toa42btoecbetobadftoecfdeefd5bd3
true,pyaes-0,false,2689170,2.687486410140991,2690693,147af952to237ato71dfto4ecatoaf596b590c36
true,float_operation-0,false,4516447,4.514638900756836,4517818,7f2a7c38tob2d4to1d65toe5cftoc1607a46fc6d
true,video_processing-0,false,11274101,11.270562648773192,11275616,dd9bf316tof8e6to2839tof1d3to7c58efde7925
true,pyaes-0,false,2884430,2.882181406021118,2886017,55e487d5to70d4toc047toe466to9826884e6bc8
true,pyaes-0,false,4051986,4.049710273742676,4053316,0ccda8b5to9312to7686tob4dbto66d3871e1b1d
true,pyaes-0,false,2950366,2.9482688903808594,2951755,d79ac1cbto8074to6b6fto60a4to0d5fb555a1ce
true,video_processing-0,false,9951268,9.948747158050535,9952543,62aa9ef9to4ce2to708dto4035to03fc47500077
true,float_operation-0,false,3090808,3.0890724658966064,3092275,282cce96to2ebato080ato2432tob7fa8b6d3b0f
true,pyaes-0,false,4026061,4.02359676361084,4027404,989808e8tob065to1ca3to5ed1tobc01e9064df8
true,pyaes-0,false,4039985,4.037548780441284,4041396,ae4dd7fftoe839to1a08to5bb1toadd06b9e7e7f
true,float_operation-0,false,4463625,4.461735010147095,4509892,f0dd8c58tob960toa52cto43eato94ce7ee346c0
true,float_operation-0,false,2808693,2.8071820735931396,2981643,e2b3d368tobc79to6cacto9c8cto34404912a28e
true,float_operation-0,false,2987567,2.98596715927124,3267729,02de5851to4dc6to6bfatoe671to09571b5fa2ce
true,pyaes-0,false,4152506,4.1509153842926025,4221198,f53a2955to03c5toe615to31aftoa4bc419b03ce
true,video_processing-0,false,9232456,9.23038387298584,9399715,8454c8dcto8eaetob556to7218toc194e71e21b6
true,float_operation-0,false,4320594,4.319051504135132,4531415,3566e4cdtod6c9to02d9to65d4to3bbff94efc46
true,pyaes-0,false,2791460,2.7898683547973633,3352818,0a271efdtoee34tof355todf30to39f1c0a9f87b
true,pyaes-0,false,2826412,2.824558734893799,2882335,9692f584to7featod0c2to6225to84b0ecbdb496
true,float_operation-0,false,4358898,4.35724401473999,4359950,e809c517to366ctoae7ato309fto184864462857
true,float_operation-0,false,2753799,2.7523725032806396,2754959,7c997431toc1ecto8dc1to3f9eto2fe54af99147
true,pyaes-0,false,2854295,2.8521275520324707,2855479,9cc71ec9to082btod9c7to09feto9b3b1c5b7806
true,pyaes-0,false,2875761,2.873516321182251,2876961,11498da9to9e54to5770toc98btof001f44c06ad
true,float_operation-0,false,2837284,2.8358821868896484,2838342,5124c53atoe6d0tof048to9154tofcacdc5a884b
true,pyaes-0,false,2746828,2.7451252937316895,2748014,cc93ded2to86d1todd77to840eto5d0813313f57
true,video_processing-0,false,9023134,9.02087664604187,9024315,22a48b1dtoeac1tobdfato7fc8to2e8d8a65ec56
true,video_processing-0,false,11382716,11.379871129989624,11384084,ef092c5bto42e9tod122tod89fto6d1264363ccc
true,float_operation-0,false,2797831,2.7958943843841553,2821898,36b1c5f0to6bc4to6a3bto5f13tob8c5bb8baac4
true,pyaes-0,false,2668198,2.6663713455200195,2669560,eab06e9dto0d98to812etoe12cto483114b46a70
true,video_processing-0,false,8719957,8.718151569366455,8721082,fc57dcdbto5a78toe412to1339to178efa2f328b
true,pyaes-0,false,2622517,2.6207854747772217,2623709,304536f9to3f06toc439tof2b9to24350285610e
true,video_processing-0,false,13998346,13.995859146118164,13999821,651913c6to4738to59aato8750to0baa6061cc4d
true,pyaes-0,false,4155342,4.153300046920776,4156499,1040aedfto776ato69e7to6eb1toa3d0b67dbe3a
true,float_operation-0,false,4304354,4.302254676818848,4305831,2a117110to06c6to5f56to8d5ftoa315dfaa0c16
true,video_processing-0,false,10683127,10.680726528167725,10684275,e1ce7c80to6a1cto6c00to96c2toc1e943234c71
true,video_processing-0,false,10190697,10.187658071517944,10192039,b47be343to71fbto79e8toec32toc556b841f309
true,video_processing-0,false,8668941,8.665894746780396,8670194,ce781907to7c15to673ctoea3etof9e7fe6e6d89
true,video_processing-0,false,10061213,10.057252645492554,10062739,322c7b91to79aatoef4bto6ac4todd6eafb67537
true,pyaes-0,false,2598119,2.5964620113372803,2599689,8ce44efetof30etof255tod63atofc9429093324
true,pyaes-0,false,2631624,2.6296591758728027,2633058,d759d881to92ebto969cto8957to688a05568341
true,float_operation-0,false,2791146,2.7894675731658936,2792517,9499103btocbfato2e39to9cfbtoe906b57faaa4
true,video_processing-0,false,21745488,21.742366790771484,21746922,e1d597dbtofdfbtod2d2tod73dto11336fcb8425
true,float_operation-0,false,4377334,4.375303268432617,4378873,1aed816etob602to56fcto1999to21ed4d54ef26
true,video_processing-0,false,8621647,8.616864919662476,8623235,ca169dc4to936ctocaa3to695etoa4d5549302bb
true,pyaes-0,false,2747826,2.745556354522705,2749211,41d19187to5a62to7675to2106to491b342b9c9b
true,pyaes-0,false,4139848,4.137612581253052,4141220,55643999to15dfto0fd6tobf60toed69a8d2beb8
true,pyaes-0,false,2769777,2.76769495010376,2771058,cd545b18to1a50tod79fto60eetof2accf61ff69
true,pyaes-0,false,2641762,2.6399056911468506,2643184,399d4b48to4c34tod2d4to41dcto36784c1fea3c
true,video_processing-0,false,10098017,10.094211101531982,10099478,28b53cf5to8b97to2436toc3c9tob3f0e4f1efec
true,float_operation-0,false,2779289,2.777630567550659,2780796,0c1531edtoed86tocd54tob9aeto6e5b6b251482
true,float_operation-0,false,4307787,4.305655002593994,4309208,b0add3f2to88d7to390btoe743to100015e7ac02
true,video_processing-0,false,15556233,15.554568767547607,15557596,fbc2d050to768atoda69to98a1to98c5d56ae3d3
true,float_operation-0,false,2945503,2.9435689449310303,2946726,1e64c1cbtob7e1to28f7to640atoa8d0710b29a5
true,pyaes-0,false,2737167,2.735389471054077,2738575,06cc6d63to84a6to4a85to3117tof07252b1fe50
true,pyaes-0,false,2894735,2.8925061225891113,2896191,2cc63cfato925ftoef1etof5fbto34efd7dff0f1
true,video_processing-0,false,10580522,10.578012228012083,10581967,9f2bfec9tofcdatob1eeto0517todd91b5e0c80a
true,float_operation-0,false,2987695,2.9859185218811035,2989110,30b0a0a1to498eto16f9to4a6fto9e72f4d372af
true,float_operation-0,false,4363076,4.3613927364349365,4364453,3113ec21toc39dtoce73todac4to5440908590d2
true,float_operation-0,false,4017693,4.0155017375946045,4019124,21a4a39ato3005to2499tod5beto64e8d3aac0db
true,video_processing-0,false,8712778,8.709913969039917,8714161,05f525a9tocb58toa947to1336to237e6cde63ae
true,video_processing-0,false,8524960,8.52218246459961,8526293,e8155ca2to1551to1ab2todf66todc6051506b2a
true,video_processing-0,false,9812719,9.80900526046753,9814114,fcf4eed5tod64eto9d58to710dto7a59698c5ce2
true,pyaes-0,false,2667099,2.6649699211120605,2668464,a7866bfbto1923to3065to6ef1to795132010c6e
true,float_operation-0,false,2795047,2.793053150177002,2796513,34373dcctoe98eto0477tob6eato16925b3e39b5
true,pyaes-0,false,2641212,2.638957977294922,2642578,897526f3to689fto47f6to5163to3a35fa9ddff6
true,pyaes-0,false,4146663,4.144588947296143,4148163,cf4c5cc6to565atod8d0to7b99to154e010db790
true,float_operation-0,false,4291048,4.289122819900513,4292416,0d8b43a0toc55cto7d2btob3f0to792ee2b8f6fa
true,float_operation-0,false,4383635,4.38166069984436,4384995,41a63cb1toda12to324atod5fbto02172802fd6d
true,video_processing-0,false,8782419,8.779890537261963,8783864,38797e7fto384ctoef82to3e65to69d6122abd56
true,video_processing-0,false,8848291,8.844353437423706,8849984,0f84fd02tod535tod3fcto0756tof0e544bfc4fb
true,video_processing-0,false,9165709,9.16343879699707,9167170,38ba20a4tofe18toc8f3to652ctoa76cec5b9fb7
true,pyaes-0,false,2722489,2.720192193984986,2724012,2e4cdca1to14b5to2a48tob803toddfb0ec04f10
true,video_processing-0,false,9888769,9.885165452957152,9890124,96a5ad2ato5c57toafcfto807atoa4e4c13e3e02
true,pyaes-0,false,2700450,2.698193073272705,2701849,e5fff188to0922to7654to9544tocb0a1092812b
true,video_processing-0,false,10351285,10.348085641860962,10352815,9b84fba5to9420to5e33to7829to5758da11ea77
true,pyaes-0,false,2634158,2.6315934658050537,2635493,e624055dto0473to292bto6cb6to8213a97418fc
true,pyaes-0,false,2607528,2.605949640274048,2608968,c50edcd1tofaf9toa6aatoaeacto9c190a09079f
true,pyaes-0,false,2636945,2.635001420974731,2638289,45e66c81to5ce5to64bato2be6to5fcfcac437d1
true,float_operation-0,false,3988490,3.986475706100464,3989880,0d2c4b71tob1b7to7c75to2ed3tob45417c28d1b
true,video_processing-0,false,10485767,10.482732772827148,10487272,374b444bto9be0toa8d7tob8catodf0e5151a096
true,pyaes-0,false,4036080,4.033716917037964,4037466,9cdd48a7to0ccfto942fto6305to2ae0880d2b58
true,video_processing-0,false,9913077,9.910699844360352,9914655,baca1f0eto6989to7d91tode9fto43b56716170a
true,pyaes-0,false,2694324,2.6925458908081055,2695797,a124af73tob872to2941to5f6eto1c82be69e63c
true,pyaes-0,false,2744421,2.742594957351685,2745971,4abfa40btofb83to7949toa78atoe92d38ef335b
true,float_operation-0,false,4436620,4.435137748718262,4438201,71a68400to667ftoa1efto7b05to939d20165be4
true,video_processing-0,false,10133029,10.128589391708374,10134577,77d91a2eto4318toea25tod1b6to5732a9c9c0a6
true,float_operation-0,false,4310051,4.307931423187256,4311414,6fdd158ato3899to369ato05e2todbbadafdb780
true,video_processing-0,false,9376844,9.374487400054932,9378062,41e754edtoaaa6todcddtoc8a8toe319bfb82512
true,float_operation-0,false,2945422,2.9436964988708496,2946689,c29bdd37tode0eto3d15to20f5tob5b8a2aa6dd2
true,float_operation-0,false,4355157,4.353519439697266,4356516,91b35a6dtoc090to77a5tofa6atof7aa3196568f
true,video_processing-0,false,9846154,9.84331488609314,9847508,d81c94e2to1a8btocf9ato60ddto880e3b023fee
true,float_operation-0,false,2786938,2.7852489948272705,2788184,3de574a2to501eto1fa0tob58ctof7f9b3ff9d6e
true,video_processing-0,false,12702597,12.700408458709717,12703897,fc4bd932toeef7toc725to4026to97a7288d64f2
true,video_processing-0,false,9564883,9.561579704284668,9566249,cf23e698toee19to4c91to7985to8db11ecc06aa
true,float_operation-0,false,2882310,2.8803982734680176,2883681,abe01a60toe688toff0etobd3ctof71a0bdb6bec
true,video_processing-0,false,9217037,9.213725566864014,9218520,3cc3c678to864bto1728tofd60to2e35787cea66
true,video_processing-0,false,8697979,8.696041107177734,8699428,954d068cto1453tob2a0to338cto53b3cc715c2c
true,video_processing-0,false,9032366,9.029188871383669,9033928,48014c2etoe8f3to3931toba52todf0726f1e873
true,video_processing-0,false,8750553,8.748100996017456,8751826,01955f4etoe459to88b8toac47to134c865d13fb
true,video_processing-0,false,10279373,10.277219533920288,10280783,01ea2aadto9a02toce48to215ctoaeff19624b07
true,video_processing-0,false,8978357,8.97532868385315,8979753,68e1c0f9tode54to35dbto00e3to1067a8703c2e
true,float_operation-0,false,2835662,2.8339216709136963,2971273,045c3a62to7238to9bd6to9a64to86eab6ac935c
true,float_operation-0,false,4446698,4.4448816776275635,4653475,d8cc2e80to940dto074dtob670tod3a6dc7b292e
true,float_operation-0,false,4302422,4.30080509185791,4750249,e9592dc5to08f2to0adbto0133to549c1061d79b
true,pyaes-0,false,2786902,2.7852189540863037,2844496,a6b1af77to6b1eto7077to974dto7e3fc03796a1
true,float_operation-0,false,2753615,2.7517518997192383,2755093,63ddce0cto041btoe25cto0ffeto71f3ba5f4885
true,pyaes-0,false,2879926,2.877636671066284,3016852,a670bb5ato1711to797eto3af5toc60657d702b1
true,video_processing-0,false,8954196,8.952671527862549,9049099,63c8cc6atoebc3tobef3to0984toc896635fd382
true,pyaes-0,false,2908080,2.9065234661102295,3204176,8a9dc0ebto6078to110cto308dto99a56f5d7d49
true,pyaes-0,false,2872065,2.870445728302002,3096534,57113112to9bd0toa2e6to688ftoa7bf67a308e1
true,pyaes-0,false,2822669,2.820444107055664,3395829,718c037ftof83ato0db3toebecto1f39bf7da283
true,float_operation-0,false,2954994,2.9535839557647705,3812636,063437fatofc44to6e92to651ftob5cce5f3b3b5
true,float_operation-0,false,4183656,4.1817145347595215,5546492,3d7a4f5bto1fd4to4131to48eetodbd6b90c9888
true,pyaes-0,false,2899860,2.897679090499878,4221385,aa4685fdtoa3a2to0e77tocc12to9b12784882a2
true,video_processing-0,false,9904952,9.902974367141724,11317457,19673e0dto4101toab19to2e9etoca233d9aa010
true,pyaes-0,false,2911485,2.909313917160034,4411220,713e8b42to05cctoc100to4dbeto53956e9ce930
true,video_processing-0,false,10233787,10.229988813400269,11203135,601735catoecb8toaae0tob2b1to29d258229820
true,pyaes-0,false,2883868,2.882051467895508,4164583,4b17ef42to3f84to5959to618ctoa4cc839033aa
true,video_processing-0,false,12482451,12.480687618255615,13528261,7b88efe5to2d6eto2b2ato2193toe0c8e17892b0
true,pyaes-0,false,4028428,4.026284456253052,4615192,6864a136to9bcdto45edto36d8to0049313f0a5e
true,video_processing-0,false,8825155,8.822743892669678,9437383,516c0e0cto66beto6691to6d82toc485544551d5
true,float_operation-0,false,4304249,4.302519798278809,4629275,5faf135ctoed3ctofe25to3779to201927a60ed1
true,pyaes-0,false,2796240,2.794520854949951,2887707,ed5a8affto887ato2075to016fto53e010668868
true,float_operation-0,false,2804301,2.8021154403686523,2805708,e4a272aatode74to1c6atod3ddto7fd43b7c2e75
true,video_processing-0,false,8714803,8.711178064346313,8716053,5b9e3e5dtob287to3ec4to78c2tod0251ac53005
true,video_processing-0,false,10165853,10.16210389137268,10166981,21438a55to5b73to416eto4581tofc316ef517df
true,video_processing-0,false,8961379,8.959027290344238,8962778,09612fc3toa2f2to39bfto8dadto656857efde30
true,pyaes-0,false,2601427,2.5995523929595947,2603018,bf1b4c90to84edto61ddto19c3tob94455ad8a27
true,float_operation-0,false,4154477,4.152257204055786,4155871,8d1fdfe1tof24etocd55to1c3dto89f6885bbfe2
true,video_processing-0,false,9070542,9.068806409835815,9071964,7c0eff9etod5f0tofb97tob0b1toee3195b9f43c
true,float_operation-0,false,4438158,4.436031818389893,4439747,b5d066feto69a2tofef1to137cto4eccb730e23d
true,float_operation-0,false,2602528,2.6008009910583496,2603931,acab5ba1tob8f6to78b2tobba8to4427cd193f76
true,video_processing-0,false,10093167,10.089273452758787,10094799,845e4928to04e3to96c7tob608tobd32f7d19f6c
true,video_processing-0,false,10609001,10.605464220046995,10610459,e0eb2724to6360to49c8to6492tocd6984e616dd
true,float_operation-0,false,4302766,4.300922393798828,4304257,1cc8097fto879dtof2actof9dato1bea221b79c6
true,video_processing-0,false,10475208,10.470987558364868,10476651,d4eb215cto3caatoa0f5toeb4fto5e59fa708528
true,float_operation-0,false,2985200,2.983315944671631,2986646,7fd73a60to4c06to4dbbto829atod01c16e7dbd2
true,float_operation-0,false,4364525,4.36249852180481,4365929,2fda3b4btofc34to4567to8492toa40edbdfa675
true,float_operation-0,false,3212259,3.2105886936187744,3213592,b89682c4to0fd7to6944to0584to7b3ab8a3dcaf
true,pyaes-0,false,2869034,2.8667690753936768,2870396,4071edd9to5de3to7d69tod3d0to44186ce192a7
true,video_processing-0,false,9009669,9.007269620895386,9011097,94d5417fto22actodbbato6360to61c67b487ba4
true,float_operation-0,false,2980528,2.97842788696289,2981881,68651638tob825to472btod90dto6dec9dc9854e
true,pyaes-0,false,2785200,2.7836461067199707,2786682,bc47e331tob988to52d1to56aato1dbabf389f0b
true,pyaes-0,false,2922756,2.920729875564575,2924055,fdfe046bto8eedto9dbatofb14toc946d7dd33e0
true,float_operation-0,false,4654808,4.652834415435791,4656162,559842d4tof3b1to3bbbto0c0dto5d9d598eb779
true,video_processing-0,false,9843187,9.839857578277588,9844667,ecefa801toacffto4383to928cto6b19d539b5dc
true,video_processing-0,false,9068382,9.06657862663269,9845721,b22de68dto7b01to494dtoa804to59363f6cc5b5
true,float_operation-0,false,4402589,4.400886297225952,5184587,69c7e320to3953tod851to7bb5tof778580da7ba
true,video_processing-0,false,11408370,11.406914710998535,12333557,001c583ftobda2to5b25to8a23toa354db56034f
true,float_operation-0,false,2871033,2.869593858718872,3596771,e927ba1ftoa915to0a2dto784ato9e9a287431ea
true,video_processing-0,false,8892644,8.890085697174072,9435423,ee7a35a1toc6f8tof42ftoe827to7e7d6dcfa0e7
true,float_operation-0,false,4193080,4.190962553024292,4700110,e94a63c0to3826to1631to516atoe15cc2c7bcb5
true,video_processing-0,false,9788205,9.786171913146973,10237095,56b22265to81b0to8d26toabc1to648a5c70360a
true,video_processing-0,false,9111397,9.109628915786743,9563902,46025bb7to52fbto05b7toaba0to608ee7c3e994
true,pyaes-0,false,2804302,2.802608013153076,3041914,a2ac11bdto7590to0991to6a0cto8e96875075d6
true,video_processing-0,false,10033180,10.030897617340088,10160296,24a5cc9fto3754to9e00to2f3btobf77006c9caa
true,video_processing-0,false,10357977,10.355280876159668,10472602,8d20d827to3f01to9c7dtod8e1to0dfa25aa3f96
true,float_operation-0,false,3139275,3.137845039367676,3196837,47e1140dtoc08bto7c84to80acto9b20c7062d6b
true,pyaes-0,false,4035919,4.034071922302246,4526200,8dbe96ceto9c36tof878to5df0to817488460e83
true,pyaes-0,false,2851005,2.849531650543213,4241181,103da798toa5actofa97to67a8tof60977481401
true,float_operation-0,false,4633660,4.631976842880249,5707940,64618d25to8cd8to99d4to47acto735dda937d3f
true,float_operation-0,false,2982274,2.9810054302215576,3975303,1f4f835eto5c61to2146tofc0ato9f57bea5376f
true,pyaes-0,false,2919576,2.9181177616119385,4027905,4323c65bto436fto16f9toc64bto4ace09635991
true,float_operation-0,false,4364110,4.362283945083618,5583808,1d0aee1eto8f17toba70to6c0bto7c77327065ef
true,pyaes-0,false,3046214,3.0443246364593506,3454510,69bfb59ftod188to94batod2abto1aeabf29f902
true,pyaes-0,false,3069939,3.067643642425537,3379168,9e12644fto1b9dtod728to0e89to5fd9128bfcec
true,pyaes-0,false,2924519,2.9228804111480713,3181667,0b8520bcto26b0to0af4to76cetobbed162e97fa
true,pyaes-0,false,3126848,3.124751091003418,3128165,675e31f5to52edtoe039to1c34tofb71ea4962b2
true,video_processing-0,false,8666878,8.664855718612671,8668213,34dee414toeb34to5465toef59tod4c9fd3bcec1
true,float_operation-0,false,3013434,3.011653423309326,3082118,9f1d2eb5tof952to56efto8689toe84b0d37c8da
true,float_operation-0,false,3159691,3.1579959392547607,3691289,7f697616tof874to6a2eto2854to244133c2eb95
true,video_processing-0,false,10375731,10.373014450073242,11085435,cdedcea4to6c7dto959bto7cbato788aa1ffb29e
true,video_processing-0,false,10404098,10.400002717971802,11275209,4dc643ceto8040to6aceto83f9to6913d3cfc122
true,float_operation-0,false,2969885,2.968290328979492,3889808,4eb3dff8toce45to6d68tocd33to00939e31bdc6
true,float_operation-0,false,3085050,3.083282709121704,3875285,857e1ee0to9ab8to9c3ato1111to2e0216188e26
true,float_operation-0,false,4519954,4.518307209014893,5503473,8a7f92edto9f67tod8a5toa4e3to5062b68d8d6b
true,float_operation-0,false,2909113,2.9071109294891357,3933217,33ccf39dto96e7to9504to8f4bto53cb76ca92c5
true,pyaes-0,false,4055829,4.053959369659424,4673962,a1d80cc6to5240to11dfto9135to28b52d3e24dd
true,video_processing-0,false,8635848,8.63325047492981,9057657,d5f3c85ftoe7c7to7580toea2dto3467f32ee1d6
true,video_processing-0,false,12071864,12.068934917449951,12551081,781d88c3to1b5ftobac4toc035tobd932af8cc5a
true,pyaes-0,false,2730706,2.7283315658569336,2854215,498b7e69to1014to72f9to8298to81f274d8f8c2
true,pyaes-0,false,2761302,2.759200096130371,2762729,e7e106dbto6beato0d3btoa39dto1c2930d236c6
true,video_processing-0,false,9860912,9.858262300491331,9862347,a9f3882fto0812to19cbtod3c5to316682ba5e1a
true,video_processing-0,false,15664364,15.660694360733032,15665777,24e1746fto97f4to89dftobb59toda59159e31b2
true,float_operation-0,false,2660273,2.6585702896118164,2661501,63897007to1704to6d1bto1dd4to0e2450bc0dd0
true,pyaes-0,false,2549027,2.547346591949463,2550614,a935da7ctofcd4to98acto0e05tod6eb4d0a9f1c
true,pyaes-0,false,2598623,2.596595525741577,2600117,d69ecb6dto023cto2fedtof515tod7cf29aa27c3
true,pyaes-0,false,4059405,4.057016849517822,4060770,a79a2f14to16a7toaca1to76cbto798a5b95c669
true,pyaes-0,false,2625093,2.623434543609619,2626342,f96fceb8tob79fto6250toddf5to94e8ecc00535
true,video_processing-0,false,8887804,8.885589599609375,8889353,b63a671cto02d3to46d6tob49cto9fa2629adf94
true,pyaes-0,false,2541414,2.539143323898315,2542948,3e2f3ad8to3780to3bd0tocd6dto167d2f8a5907
true,video_processing-0,false,14247081,14.244631290435793,14248559,20b1d1d8toc691to4199tobddcto1eead63d035d
true,pyaes-0,false,2631740,2.6299753189086914,2633151,172983c9to0527toa6beto026ato086eb4721180
true,float_operation-0,false,4179320,4.1773765087127686,4180800,d183f135to8ca6to13c0toe371tof8a92e3499a3
true,video_processing-0,false,10144673,10.140956163406372,10146159,ce1f9fe7to6b32to98d1to2967to69a371cde704
true,float_operation-0,false,4511024,4.5091705322265625,4512365,30a9bf82to9330toc146toff01to19ea11eb6541
true,video_processing-0,false,10471840,10.469733953475952,10473345,34b62be8to4cfdto547dtod8f7to3d96dd5f9190
true,float_operation-0,false,2740513,2.7384438514709473,2742016,2700c3c4toc20ctob574tob138to38352fddecc0
true,video_processing-0,false,10547716,10.54544973373413,10549230,a5aad879to824dto1396to335eto4d74d9e0c108
true,float_operation-0,false,4449622,4.4476141929626465,4450960,7c0b1266to4e41todb8dtoaee2to2ea777b6865b
true,float_operation-0,false,2791187,2.7893548011779785,2792499,ab40ea64to68cato7356todbecto9dd1d59296d4
true,video_processing-0,false,10889447,10.887199878692629,10890942,f3d55230to6976tob2bdtoc456to254e5bb46362
true,video_processing-0,false,10365151,10.361621141433716,10366615,182c279atoea0dto8da1to544atof4ec05642593
true,pyaes-0,false,2632943,2.63102388381958,2634331,29928558to48d8to1de8toc6edto7bc0114c4470
true,pyaes-0,false,2651262,2.6489064693450928,2652687,3b17db65to8035toc49eto268bto859c8386c3eb
true,video_processing-0,false,11498107,11.49521827697754,11499534,1b96d3e7to487fto32cato4180to26be7495f354
true,video_processing-0,false,17540094,17.537723541259766,17541550,4ffe0f50to1b6fto722eto9430to81d2a57b81ca
true,pyaes-0,false,4063691,4.061329126358032,4065149,4ecb6a13to5e06to3c3bto2ac7toffe0bba754c2
true,video_processing-0,false,13657036,13.65485429763794,13658394,285c2fbcto0510toca1dto2cadtoc62ded5e25f1
true,video_processing-0,false,9959288,9.955647468566896,9960677,89dfd1f0toc7c1to03a3tob4a2toa5d69406500f
true,pyaes-0,false,2666352,2.6641159057617188,2667609,f7df6386to4a63toc7c6to5a6cto26803138effc
true,video_processing-0,false,19600739,19.597388982772827,19602220,8e72584eto02e4toaa3bto2b48to663fee8b48f2
true,pyaes-0,false,2644852,2.6431422233581543,2646132,0047f2e9toba29toea37tofd94to0892a5b3f6cd
true,pyaes-0,false,2630096,2.627794027328491,2631336,95a888e4tofda0toa067to56e3tob03f7e880680
true,float_operation-0,false,2740253,2.7384302616119385,2741400,7721b07eto7666to3ec2toafeatocab6e2993d58
true,pyaes-0,false,2701550,2.6991031169891357,2702939,565cfe20to7237tobdb0toad11to6b17320515fc
true,video_processing-0,false,13361477,13.357824802398682,13363033,4fbe7e8ctod5c0to30e2tofccetoaf1f7d27f0a5
true,float_operation-0,false,4443639,4.441710472106934,4444944,9f65002btoee9ctoa3b8tof83ftodd1ac45b6b99
true,video_processing-0,false,11101352,11.09837245941162,11102839,673fb3b6to001eto456dto2a58to396eac33e889
true,pyaes-0,false,2672599,2.670398712158203,2673925,839627fcto5317to6a44to8d77to19c7270b7d76
true,pyaes-0,false,4037049,4.035093784332275,4038619,773e3babto3aa4to6ef9to9c97toeb1c68eefd83
true,pyaes-0,false,4060080,4.05823016166687,4061511,509048a4to44a4to6b86to19e9to3b90a2a8df38
true,float_operation-0,false,4499919,4.498164892196655,4501251,ce95f20ato41dcto90b1to7cd4toccfa3813ad70
true,video_processing-0,false,10713447,10.710021495819092,10714871,b2a4efa2to0c20tobc3fto9798to218e29cb6c91
true,pyaes-0,false,2905459,2.9037773609161377,2906890,b226292ftodfc7to9987to2ebatof33c47015425
true,video_processing-0,false,12787672,12.784512281417848,12789061,9e042697tofde4to5c6eto95a7to82204735b522
true,video_processing-0,false,12202224,12.19987440109253,12203668,efb5bc75toc7b3to6299to7849to77b444b81e47
true,float_operation-0,false,3087140,3.0853052139282227,3088484,588c8e3bto6d04to07f5to7daatoe0bba9b1adb2
true,pyaes-0,false,2787076,2.7854650020599365,2788467,de03c6feto458eto85dftoddddto5d61d84d39a5
true,float_operation-0,false,4190438,4.188617467880249,4214957,6d0eba79toda6ftod9d4to6be6to03c5d5ad4d93
true,pyaes-0,false,2782713,2.780431032180786,3255029,ecaf2aedtoe401toe964to9668to585472cf086b
true,float_operation-0,false,2862280,2.860308885574341,2986400,5fda263bto4308toae3dto2868to3189b4c29ff8
true,float_operation-0,false,4371679,4.369649887084961,4688861,57d9de9bto4c5fto8356to533ato8ea662939710
true,float_operation-0,false,4398704,4.396515369415283,4400091,f1477523toc839tof529toaa7ato59762a82481d
true,float_operation-0,false,2695917,2.693902492523194,2697466,678d5254to598dto8088to0fb4tod55483a68a86
true,float_operation-0,false,2631994,2.6299889087677,2633482,e3703612tobe38to48feto90edto4c8db91b20b5
true,float_operation-0,false,2734610,2.7325315475463867,2736155,48a65967toa3a2to141ctof4d2to88bf4a87a967
true,float_operation-0,false,2606150,2.60404372215271,2607707,4a219da9to77a6tocd9cto6025to1e69cff2fb7f
true,float_operation-0,false,2646204,2.6440601348876953,2647820,797e1ecbto2b86tofe69to280dtobe2f842b2efe
true,float_operation-0,false,2727916,2.7259116172790527,2729281,6fc81ae8to1ec6to47cato285atoe7d8a24529dc
true,float_operation-0,false,2775875,2.773872137069702,2777283,0ee383a6tocad5to99dato09ccto9a7de5f6c13b
true,float_operation-0,false,4443892,4.441973686218262,4445191,bfb01ceeto8865to2fafto58bato7d9eb2e6fde9
true,float_operation-0,false,2798159,2.796185255050659,2799524,729941fatoe05ftoef0ato0793to883041839e38
true,float_operation-0,false,4518272,4.5162317752838135,4519742,22f6d396to8b07toe8c0to993dto4bec40f6048f
true,float_operation-0,false,2581930,2.5798373222351074,2583416,da1b44b1to023ato0c60to6d9dtoba142bbd0f21
true,float_operation-0,false,2658240,2.656902551651001,2659669,a94ad708tofd6etob396toecactoa94674447bdf
true,float_operation-0,false,2578509,2.576976776123047,2579864,49d58231to290etod5e2to5989toe8146eaae2c6
true,float_operation-0,false,2694625,2.692976236343384,2695958,0c3cc3datof192to8824to1223to7352e5db4420
true,float_operation-0,false,4184149,4.182295322418213,4185706,85cfdeeato58feto58b7tofaa8to3aac0bc1e7bd
true,float_operation-0,false,4390956,4.389524221420288,4392235,18f5f130tocbe0to25e3to0db9to4933b50aede3
true,float_operation-0,false,2656310,2.6549761295318604,2657763,17aa0899to6e84to8e7eto226ctobc0fdd98f116
true,float_operation-0,false,2671280,2.669386148452759,2672643,b75a057etof1c1to86fcto2582to83a3ffa2bb26
true,float_operation-0,false,2593692,2.5918402671813965,2595093,5d3b51f9to143eto19d1to56a7to9a2a13a10c92
true,float_operation-0,false,2623236,2.622162103652954,2624686,7b7a2bc4to5bd9tob986toe8e2toe6646155e3f4
