success,function_name,was_cold,worker_duration_us,code_duration_sec,e2e_duration_us,tid
true,cnn_image_classification-0,true,5694837,2.6713099479675293,6635281,2b27c402to524cto2efetob603to2df34f2d04e6
true,image_processing-0,true,3174568,2.9879701137542725,4322850,3b1d57eftoffffto0dfato6a68toc4fd5b1e3d06
true,dd-0,true,1350281,1.1775827407836914,2274758,5bc624beto8344toe0dbto54d6to0078a553aef9
true,dd-0,true,1264038,1.1014292240142822,2267123,433352c6to3bc5to1cabto37bcto8f97b8fd7d86
true,pyaes-0,true,3063208,2.9563145637512207,4129031,f770342etoee3ctob2afto5850to01d0349e595c
true,image_processing-0,true,2583253,2.4208240509033203,3956248,27e40118to5a31to05f6toaa3dto66e7bd98ef4a
true,cnn_image_classification-0,true,5357896,1.8954343795776367,6890803,f87bfcf3to2eadtoa1a8to70f5tob61126e2fddb
true,cnn_image_classification-0,true,5222258,2.260619878768921,7025636,af61be6atoeb1eto7784to450ftod9ee36608481
true,dd-0,true,1289490,1.120622634887695,3266795,8591d216to586dtodd73to08c1to8945bc26bfb8
true,image_processing-0,true,2756261,2.623927593231201,5071003,ba12c4d3to009eto1251to54c5to5b530e6e8f69
true,pyaes-0,true,3262997,3.1333611011505127,5731741,2e9f0285to9540toab1bto0901tofa74f3bff60b
true,pyaes-0,true,3285732,3.1652653217315674,6303084,fb038d2eto5993to84e9to5711to410e44f27bd4
true,pyaes-0,true,3348063,3.224583864212036,6452207,cdcee1b4to8eceto1c87to2982toa71e1badefae
true,cnn_image_classification-0,true,5210111,1.7507941722869873,8429419,1c72955ato0205toe54fto3285to7665ccd10a70
true,dd-0,false,1452458,1.4489779472351074,1458881,b61f2043to7333to7a70to695dto4ffdf03f6079
true,pyaes-0,true,3139201,2.977689743041992,6328350,1bbd2ed0to1110to1db9to5d5fto3a5e943f14c1
true,dd-0,false,1359292,1.3557956218719482,1365897,d79fe4abto0ef9to5707to6c02to34124d0d250a
true,pyaes-0,true,3078068,2.93997859954834,6747151,eef81f6ato17a2tob03ato52bftoe5c969d58fef
true,cnn_image_classification-0,true,4725563,1.6323585510253906,8458824,fa124524to3a2btobb71to1af3to4f88c180a075
true,cnn_image_classification-0,true,4709888,1.9565882682800293,8667736,2ae45cf8toe6f1to69b4toc3fbto8dcce827958b
true,image_processing-0,false,2648766,2.6454832553863525,2656465,cc30f5c6tofbc4to2d45to5e29to5484f55ca9b4
true,pyaes-0,true,3324440,3.13696026802063,7019052,ec032282to8b8fto6d6bto37fatobbc3a4e05801
true,dd-0,false,1273692,1.2705750465393066,1280171,d68e8298to08a8to037bto05d9to4fc0143ceb02
true,dd-0,false,1310314,1.3066678047180176,1316811,61196b03toef16toc78ato67a5to6dae268c04a2
true,pyaes-0,false,3348984,3.3453705310821533,3355745,1e4d80c2to8ef2toa666toe085to443c6d0222c4
true,dd-0,false,1401850,1.3988726139068604,1407877,64d252cbto6015toa0f7to0e2eto85c02cbcd624
true,pyaes-0,true,3206950,3.0758755207061768,5095942,29e71285to05acto75ebtoa6eeto261f15aaf5f3
true,image_processing-0,false,2556335,2.5529613494873047,2563510,78788937to69b6to2da9tobc32tob8689f1fc34f
true,pyaes-0,true,2934553,2.8121683597564697,5102831,acb1c33etoe808to453etocea6to60421ed75931
true,dd-0,false,1312458,1.3092405796051023,1319125,d999cecetob17atod798tof836to2e089cef995e
true,dd-0,false,1386953,1.383964776992798,1392138,de675c8ato37a3tofef3to5e09to0b105defd876
true,image_processing-0,false,2326376,2.323066234588623,2333891,2b7d70c0to4216tocd53to564fto43e4b0c12e13
true,dd-0,false,1384045,1.3806662559509275,1390074,55944024to9aeato28b6to3802toaf3e5a384d81
true,cnn_image_classification-0,false,1316066,1.3127658367156982,1320940,7e7c4c55to3c3dto000etoaadetodd9e863c9e78
true,image_processing-0,false,2340462,2.3376874923706055,2346940,cfd0bb09to4104toa314to6bactof3df152a30d7
true,image_processing-0,true,2405181,2.282238245010376,3748984,75a578a6to04fcto257etoeab5to88ce6e51135d
true,pyaes-0,false,3010390,3.007300615310669,3015777,ebc13752to6a99tofe0cto5658to1821d0aca253
true,pyaes-0,false,2817536,2.8147735595703125,2823653,f7469aa7to4b0fto9089to08b7to46a0034dab96
true,pyaes-0,false,2775676,2.7722373008728027,2782480,9283db1dtobadbto57e9to58bfto04e5e895865a
true,cnn_image_classification-0,false,1287561,1.2840197086334229,1293042,e19374bcto28f8to306ato38d4tof09e00d51cdc
true,cnn_image_classification-0,false,1259954,1.255459547042847,1267133,9a530c76to2522to82c9to86fbtoa26e671bfe57
true,dd-0,false,1167897,1.1644043922424316,1175579,66bb99f2todbc0toe365toa494to7667b858466f
true,dd-0,false,1169501,1.1657495498657229,1177303,d9d7017ctoccd6to909eto1786toe164e38430e8
true,image_processing-0,false,2148559,2.145149946212769,2156008,f32f0028tob20fto95cetob3d5to60dc5c463677
true,cnn_image_classification-0,false,1265942,1.2624850273132324,1273531,0c2e998dto7d53tod8d0to4638to208fb2461bc8
true,dd-0,false,1214388,1.211284637451172,1220670,c3dab7a2tof7c0to4c74to2afdtoa35ddd9874a1
true,image_processing-0,false,2151164,2.1479697227478027,2158024,76b449b7todda0to28aato4b16to495d62a2becd
true,pyaes-0,false,2813111,2.8096566200256348,2820788,6798190ftoda0fto64c2to98cato10838d4fab0a
true,image_processing-0,false,2159676,2.156746625900269,2166781,cfdc51ccto5e23to5014tof9f8to120f002aabb2
true,cnn_image_classification-0,false,1243384,1.2391228675842283,1250154,9523b6e5to38d0to8036to6d09to99fcf45567bc
true,pyaes-0,false,2883650,2.880282163619995,2891072,ba3dd72eto0c09tocac6to744etoff6c682743c0
true,image_processing-0,false,2173644,2.1704936027526855,2180452,3772648btoe511to9f77to5695toa58189aed935
true,dd-0,false,1187971,1.184223175048828,1196237,c2c9d332to36a8tod9e1toc549tofdadcc62272f
true,image_processing-0,true,2575115,2.447537422180176,3729910,30537590to9a95to8288to3fa9to07fbf5af7db8
true,image_processing-0,false,2152100,2.1491332054138184,2159155,6ff63b77toc4c8to36d4to8547to5e62f5de8d10
true,dd-0,false,1260807,1.257284164428711,1268047,d180b780to42edto9b08to6842to3783e3c6f080
true,cnn_image_classification-0,false,1191575,1.187720537185669,1199084,56807686tob80dto25c9tof775tof8b71c365c60
true,dd-0,false,1200132,1.196244239807129,1207772,81b7417cto7c66to7c9atob971to94d8e414a215
true,cnn_image_classification-0,false,1565146,1.5604486465454102,1572795,a27e8baftoc114to6588to4804to3b798b0e305d
true,cnn_image_classification-0,false,1223944,1.2199664115905762,1231599,541b0377toa5d6to78eetofee5to3a42dd7507e9
true,dd-0,false,1103654,1.1000080108642578,1110459,3013b37btoa9bato4584to1a41tod74142f39bf6
true,cnn_image_classification-0,false,1212487,1.2080366611480713,1220132,ad64ed46tocf0fto6ef4toa2aeto9dd5347f12cb
true,image_processing-0,false,2091821,2.0886929035186768,2099546,b8d79177toa591toccb7to127atoab911868139f
true,pyaes-0,false,2764646,2.761113405227661,2771901,7d321c3bto3088tocfe3to649dtoe8174faea645
true,pyaes-0,false,2851702,2.848057746887207,2859219,52ea79beto0284to8d21tobec6toefe9fecd7c93
true,pyaes-0,false,2722920,2.7196056842803955,2729911,53c826c8tof322to71ddtof1adto904d73f59d18
true,image_processing-0,false,2563187,2.5606348514556885,2569665,248fc53etob180to2763tode9eto7f294a632278
true,image_processing-0,false,2233151,2.230344533920288,2240226,7c81ba6eto2c71to0334to4f69to76aad3270b19
true,dd-0,false,1129608,1.126007318496704,1136531,ca885926tobd6atodc2dtoe4batof34f54875a5b
true,dd-0,false,1240980,1.2372071743011477,1248291,4fde7ae8to51c4toc1e7to8c49tofc8d9df9e5d9
true,pyaes-0,false,2831234,2.8276209831237793,2838764,6e9d454cto628bto403bto32d6to6963fa75282b
true,cnn_image_classification-0,false,1351386,1.347523212432861,1358667,72d5a2e6to846ftofcb9to0fc8tode712932e5a7
true,pyaes-0,false,2724280,2.720508575439453,2731694,bc6bb1batoe904to350eto6062to32653cb96e2d
true,cnn_image_classification-0,false,1550210,1.5467383861541748,1557683,c16f4edeto4969to8374to1368to6f7311056d2b
true,pyaes-0,false,2860667,2.8569188117980957,2868507,44161ad1toad04to689fto43e1to074c0d197871
true,pyaes-0,false,2811941,2.80823278427124,2819235,af6721d7to1a51tod753to5f19tod2893d639833
true,pyaes-0,false,3034919,3.0316052436828613,3041593,fa7fe53ato6c98to5465to3c46to6b3d36e6a4c4
true,dd-0,false,1272642,1.2691535949707031,1279541,637ef6a2toce35to5530tof34dto1c1cfb6dada2
true,cnn_image_classification-0,false,1224454,1.220855712890625,1231838,0ad76353to9910to612fto5e24to05da1ea357d2
true,image_processing-0,false,2180845,2.17750883102417,2187915,c84e4344tof1aeto8adftof829tob4b08d58c8e3
true,pyaes-0,false,2844580,2.8417108058929443,2851807,1ca0ea6atoe3d4to0a91to4da7toc44c33f2f47e
true,dd-0,false,1197854,1.1942243576049805,1205215,80f9277dtoa155toaed0to6309to6e023bb86c42
true,image_processing-0,false,2175466,2.1721889972686768,2182827,95967c61to3fa8to163ctofd80to548e66eb8799
true,pyaes-0,false,2814511,2.810903549194336,2821848,bd1911d0to4fe6toc89cto61f8to5735bee6857e
true,dd-0,false,1246489,1.243014574050903,1253874,781af74bto669dto6304to0c2ctoaf91e5894df4
true,image_processing-0,false,2166258,2.163181781768799,2174028,a23717e7to1b20to86dfto0489to71823a353b3d
true,image_processing-0,false,2233589,2.2304751873016357,2240627,3a803233toba9bto8a6atobddeto31fb91e18249
true,dd-0,false,1225025,1.2211289405822754,1231585,d12998cbtoee5atocd89to2aeeto89e29f35a1f4
true,dd-0,true,1077702,0.9032423496246338,2087518,d92e151fto1a4ato8c80tofbdftoe0cf0ea0e77b
true,pyaes-0,false,2568545,2.5649802684783936,2575989,09b0bf0fto1f40to6de4to0267to8adceb02c323
true,image_processing-0,false,2049380,2.046274423599243,2056627,bec8e4b8to638ftoa476to91beto98b3d4f3cb50
true,pyaes-0,false,2543864,2.5403459072113037,2551375,29b1001bto8541toba0fto4b3ato160f524a3ee6
true,cnn_image_classification-0,false,1184765,1.1812562942504885,1192135,67753dc6toedb0to0b1atob6c7tofeee250ed362
true,pyaes-0,false,2554845,2.5511410236358643,2562356,1d5778bdtof831to1505to7728toa4cfc470bf82
true,image_processing-0,false,2038432,2.0350522994995117,2046251,b6f23665to71bdtod253tofcd2to891f77f0bf57
true,image_processing-0,false,2121417,2.1181232929229736,2128373,71431b70to9b81to49b0to85fato9e3bb10f9b74
true,image_processing-0,false,2064390,2.061443567276001,2072005,7524ce0eto1036toe1b4to0f40to0e73b880dfb4
true,cnn_image_classification-0,false,1350941,1.3474221229553225,1358219,e0bcd5dbtocfdatod658to2b13to2e216873986e
true,image_processing-0,false,2155902,2.1524975299835205,2163315,c5a5182cto621eto25acto2385to3a3a233f1dba
true,cnn_image_classification-0,false,1387061,1.3833301067352295,1394000,6f40d049to93fbtoed30to88d8toe8a65f1f8252
true,cnn_image_classification-0,false,1310585,1.3063981533050537,1318194,65903120tob9ffto4c48tob917toac1bd176be75
true,image_processing-0,false,2201161,2.1977345943450928,2208316,26c23d7fto1381to8ba1to7815to1b3b267fab98
true,cnn_image_classification-0,false,1488396,1.4840483665466309,1496051,f1d4bf46to2ab7to008dto0b78tob082c958e0fc
true,cnn_image_classification-0,false,1249940,1.2454252243041992,1257839,ae44520ftod262to57b6to1663toe407d5e14aca
true,cnn_image_classification-0,false,1383635,1.3797616958618164,1389838,481cab38toa8e3to78e8to529cto3dbf8f65b822
true,dd-0,false,1157240,1.1539382934570313,1164686,0d1ddbb5toc15dtod75btocb82tod8c042508334
true,pyaes-0,false,2640129,2.6367459297180176,2646599,89466ba8toeba5to79e3tob6e5to7dd05867c597
true,image_processing-0,false,2114570,2.111234188079834,2122141,0100878ftoe677to3bc4toa859to6dfac723e2b3
true,dd-0,false,1165846,1.1619625091552734,1173176,e0f97d86to1d66tob5b3tob0b4to0bbb636a4058
true,image_processing-0,false,2345665,2.3424203395843506,2353167,6112ce4bto68fbtoa880to9218tob7e43081a2d4
true,pyaes-0,false,2686664,2.6829864978790283,2693100,0d4779b5toae15to13e8to2892to2a1325311a99
true,image_processing-0,false,2160774,2.1574888229370117,2167183,518f5656to2345tobb1fto46cbto67939e93797e
true,dd-0,false,1163966,1.1601860523223877,1171759,fcfb6a54toba9btob41ato0c76to17f79db4dd18
true,image_processing-0,false,2202214,2.198932647705078,2209287,f5d14341to3b68tod40btodb81to6fa2ca72952a
true,dd-0,false,1142666,1.1388351917266846,1149745,806bd187tod980to49fatoedcdto1158345437e1
true,image_processing-0,false,2391907,2.3887884616851807,2399320,0d39ce97to7603to28fetof43bto8d053283773a
true,dd-0,false,1194228,1.190434455871582,1201728,c566f3adto4ec4to6a4dto2611to36fc737a66c2
true,cnn_image_classification-0,false,1850867,1.8462786674499512,1857759,a2dfdff9tof3e8to90e0tob802to407f198884c6
true,cnn_image_classification-0,false,1698947,1.6940062046051023,1706361,95ea505dtod88cto41e5todaabto15cb8fb1bf01
true,pyaes-0,false,2641762,2.6380670070648193,2649322,0f5a58aatoef6cto43c9to11c2toecfdb864b487
true,dd-0,false,1158356,1.1543889045715332,1166262,90c9b126to4874to788cto03f0to5de49e36db60
true,image_processing-0,false,2124912,2.1219046115875244,2131415,c9cabf04to1a15to2b07tof244to89811cd8fdbf
true,dd-0,false,1096521,1.0926172733306885,1104011,72cc494ctoab16todc34to4648tob93b494446f5
true,pyaes-0,false,2519538,2.5159268379211426,2527084,90bcf728to5c76toaef2to400atod65698fed169
true,image_processing-0,false,2036402,2.033201217651367,2043363,b7e9d415to56fcto3e97to953bto1a9642d1f60c
true,dd-0,false,1125688,1.1220324039459229,1133174,60425b33to7de6tod27btoaa5fto82c4a20bb0cd
true,cnn_image_classification-0,false,1540926,1.537560224533081,1548030,4f723db5to2694to2101to417cto905a28622ab7
true,dd-0,false,1153344,1.1496386528015137,1160716,6342dc19to489btoea6cto951ftobf268573133f
true,image_processing-0,false,2164168,2.1608269214630127,2171880,6c26c913to2af7to1152tocd83to202dc9030ed1
true,image_processing-0,false,2194384,2.1909258365631104,2201733,8d3208abto3db5to044btoe73bto3c6d7db1cb94
true,cnn_image_classification-0,false,1482741,1.4791345596313477,1489819,a35f99bdto96ffto0a9dto4f75toabbbf2b65457
true,image_processing-0,false,2139664,2.136298894882202,2147102,a800fb80to4fceto68d1tod141to59da6ac25d24
true,dd-0,false,1173903,1.1704566478729248,1181797,8c1cb069tocdfeto809bto2e56toe16e5c5ff292
true,cnn_image_classification-0,false,1652554,1.6491165161132813,1659414,f2a0efa8toc6betofc88to253ftofb183983daa4
true,image_processing-0,false,2133288,2.130124807357788,2140402,a57cdaccto3752to461cto9d63toce8e8e8f50f4
true,cnn_image_classification-0,false,1282563,1.2781744003295898,1290260,4451b2b1to95fdto6724to1ec5to56ef4845054a
true,cnn_image_classification-0,false,1497153,1.493626594543457,1504313,6e73add5to7d6eto8430to9379to2f6897c065b1
true,cnn_image_classification-0,false,1488832,1.4847233295440674,1495032,c7619f2ftoee1dtoe19cto5236to470b4fc6ab8a
true,cnn_image_classification-0,false,1216302,1.2119219303131104,1223388,5615db27to9307toeaa9to5cc8to6dce2e42d0af
true,image_processing-0,false,2174722,2.171584367752075,2182595,173d8a7btobef7toa59atoa9e4to57a132502cfa
true,pyaes-0,false,2897332,2.8935465812683105,2904877,12fee1d7to7d75tocfd0toc6d3to70778f8ad918
true,image_processing-0,true,2521551,2.349168062210083,3381327,0bcc0995to7bf8to1fadtof590to4d1c5156e6d8
true,pyaes-0,false,2746746,2.742885112762451,2753992,79024d2dto74bbto436fto3440tod77ef137a89e
true,image_processing-0,false,2159453,2.1565401554107666,2166499,4e06d33fto2298to087btod781to7aa25950f6d5
true,pyaes-0,false,2783220,2.7796525955200195,2789930,6502b2e1to7ae5tob573tocfd0tofc298ec77ce8
true,cnn_image_classification-0,false,1503677,1.4998695850372314,1510385,d1b38517to4407to08abtodf09tob8d5b13046bc
true,dd-0,false,1273695,1.2700648307800293,1280502,3860d871to27adtocc6ftoa4a5to42e25307003e
true,pyaes-0,false,2749244,2.745727062225342,2756509,97ded42eto8afatob1a8to685ctof937c8d67e0e
true,pyaes-0,false,2695760,2.6922624111175537,2702605,a6bf573ftoa737to4ae7to0829toaed6215dc339
true,pyaes-0,false,2702521,2.698805093765259,2709992,cf7eaac9tode35toaaf7to2dc8to97c01ac92d65
true,cnn_image_classification-0,false,1630312,1.6261165142059326,1637860,7147036ftoa989to6f5cto99b6toa0354b44c557
true,image_processing-0,false,2159215,2.156039237976074,2166583,71491d61to2bc9tobe1bto9081to810f322bcb49
true,dd-0,false,1226289,1.2223405838012695,1234155,4be477eeto946cto845eto8468to6321314cca38
true,dd-0,false,1206054,1.2020132541656494,1213322,fabeb847to8d3ftoedd4tob3a6toff7bb5b703d2
true,dd-0,false,1225402,1.221585988998413,1232957,97dc2b8dto2daftoff31tofc48to2fbcd8cf818b
true,cnn_image_classification-0,false,1296741,1.292687177658081,1304248,5f99574etoa822to442ctoaf7atof436f923b975
true,cnn_image_classification-0,false,1541704,1.5380516052246094,1549432,dad13a41tof6c3to75a1to6ac8to26b12e5cb6f7
true,image_processing-0,false,2116375,2.112946033477783,2123689,fe9538bctoc8f0to5d2ftoeda1to3fa17d4e49e8
true,cnn_image_classification-0,false,1364721,1.3601675033569336,1372340,cf585c8ctof3eato69adtofb6ftoa8f55b724eca
true,dd-0,false,1146879,1.1435163021087646,1153835,547220b9to2caftob22etof126to400789077894
true,image_processing-0,false,2138824,2.1353936195373535,2146749,632d5b5fto500cto45cftod0b6to64eebbc97c51
true,pyaes-0,false,2635735,2.63236403465271,2643108,8e5aad93toe725to2970to4897to7ab93067972f
true,image_processing-0,false,2142908,2.1394808292388916,2150222,a6190880tofa49tobe36to328btoedb99e5c19e9
true,dd-0,false,1151081,1.1472134590148926,1158312,49c7b14atoe89eto2066tob4e8to3d8cd7a8adf9
true,cnn_image_classification-0,false,1640727,1.6371629238128662,1648153,9dc6bfa3to03c6to7043to3e1atof87c87262f0b
true,dd-0,false,1191315,1.1877899169921875,1198355,40a83d72to992ftoebcfto547cto996577982c7b
true,pyaes-0,false,2871696,2.868471145629883,2879171,96170967to6ca6tobc92toa5bdto939384a6ac92
true,cnn_image_classification-0,false,1526319,1.52256178855896,1533812,3d464a64to45e5tocde9toedecto5a33d0cb45af
true,pyaes-0,false,2618308,2.6146998405456543,2625220,d35529cbtocc97to9792to675ato881ee46bde4b
true,dd-0,false,1169741,1.165886640548706,1177200,12db4bd0tob50atoca9ato4bedto724cb6f2a8ad
true,image_processing-0,false,2158112,2.1546759605407715,2165601,697bbc96toe49ato78e6tode6ftofc46d9f44176
true,image_processing-0,false,2098223,2.094846725463867,2105671,d2131039to3f52to7799to5bd7toe4a152bc1f92
true,pyaes-0,false,2641343,2.6375479698181152,2649470,9ce952d3to1ab6to8f39to3e60toe0ded42faedd
true,dd-0,false,1155190,1.151449203491211,1162176,3bb7580bto0a67tof6d2to0a49to7de2dda7aee1
true,pyaes-0,false,2583704,2.580226421356201,2590228,8877ebfftocdaato55eftocf3bto8a5a5c703754
true,image_processing-0,false,2093530,2.0905494689941406,2100920,2139013fto5d8ato41bato4f4fto15f8736f93f6
true,pyaes-0,false,2604568,2.601073980331421,2611878,b9d6e3c5to18e4todfcatoc5bdto6df225a2e67a
true,pyaes-0,false,2610587,2.606867790222168,2618148,88ca5d81to0c41to56edtoeb9atoe20a5ff9a857
true,image_processing-0,false,2120787,2.1177897453308105,2128204,7d787ec1to0016to7890to383bto71c5ce697887
true,dd-0,false,1155774,1.1520509719848633,1162667,073f3b36toa5f7tob1cctofd3ctobc644e902efb
true,dd-0,false,1165048,1.1612200736999512,1172499,5e18507ftod4acto2f7btoeaectofd20523e2530
true,cnn_image_classification-0,false,1599828,1.5959455966949463,1607281,eb5f4abbto8595toda63tob311tod78aea0c1122
true,image_processing-0,false,2115362,2.111963987350464,2122796,ae3490e9to8da1to6a8dto0a60to63ffe20d55a4
true,pyaes-0,false,2572996,2.5693092346191406,2580560,de358a45toc449to314eto3f38tofcf5c4110a71
true,pyaes-0,false,2548659,2.545855760574341,2555698,64ecff8dto9ce9to3c0eto341ato7b271360f5dd
true,dd-0,false,1068036,1.06430983543396,1074875,afc73d06to832atof36fto73dato0af937041856
true,cnn_image_classification-0,false,1844262,1.840693712234497,1852194,53676ab6to075cto886ctodcd6to60de83c088b0
true,cnn_image_classification-0,false,1226124,1.2221596240997314,1233568,594030c1toa96fto4f29toc095to508b3f398c24
true,cnn_image_classification-0,false,1554260,1.5513925552368164,1561165,f7f7cafdtoa813toce95to6e84to17dae431360a
true,cnn_image_classification-0,false,1652783,1.6493618488311768,1660192,7a47457ato36b2to2243toa9ceto98432620e502
true,cnn_image_classification-0,false,1425551,1.421576738357544,1433086,a56aee58to74dcto2835todb22to99ee799d0bae
true,pyaes-0,false,2650873,2.6473755836486816,2658234,facf3efdto952btod0a0to3986toe62d4073caaa
true,dd-0,false,1098432,1.095343828201294,1106019,d277256eto0f91to994cto4f6btoc9edffadd76f
true,image_processing-0,false,2082314,2.078981399536133,2089542,c6e5689ftof3bbtob362toa2aato864c7d15976a
true,dd-0,false,1164593,1.1607036590576172,1172024,3e61a1d9to9f8dto9639to7d6dto6f7765f95c62
true,cnn_image_classification-0,false,1806054,1.8024110794067385,1813795,fb5733d1tof15dto6e55to4698to23c6b753e276
true,image_processing-0,false,2175665,2.1722846031188965,2183103,540b22a7to4691toda85tobe01to615a9c435a75
true,cnn_image_classification-0,false,1339510,1.335059404373169,1346956,587265aatoc027to985dtofe4cto85d7c79b4eb5
true,dd-0,false,1197451,1.1935796737670898,1204685,3b6d2152to26cdto0b55to8b3eto5ddf8b146ab8
true,dd-0,false,1143882,1.1400423049926758,1151437,7213ba7etofd7ftocac0to9b15todd6f6642a02d
true,pyaes-0,false,2636312,2.632582902908325,2643777,e7a1ac0cto9cadtod710to99d0to8266bc0e7a92
true,pyaes-0,false,2658990,2.655641794204712,2665368,f68a973btof8fcto6217to1216tof948936b401c
true,dd-0,false,1160673,1.1565637588500977,1168192,3fa8edd5toeba9to3f06to02d0tofd9248853875
true,dd-0,false,1248247,1.2443711757659912,1255722,460a287ctofaf5toaa6eto5448toc7fb188eeb43
true,pyaes-0,false,2652904,2.649259090423584,2660881,14c5f1ecto6c44toc5ebto2923to05277eb5cd7c
true,image_processing-0,false,2146380,2.142993450164795,2154041,59450c90toc3fato77b1toca71toe2959729f03d
true,dd-0,false,1249118,1.2450263500213623,1256900,aebdd5fcto58f6to32dbto9e43tob852febb9057
true,pyaes-0,false,2667395,2.66359806060791,2674910,cec55048tof451to70fato12f5toff1149326e15
true,cnn_image_classification-0,false,1434932,1.4313819408416748,1441692,60d4f5a1tofc69tof2bcto46ccto783186d78cf3
true,dd-0,false,1167119,1.163109302520752,1174676,f52a305etodbb6to3196to2ca8to5a7cc90a4763
true,cnn_image_classification-0,false,1892489,1.8889851570129397,1900010,d80ba754to54d9to624fto22a1to032314cd3b93
true,cnn_image_classification-0,false,1929290,1.9255154132843015,1936344,345dacbctoff76to2788to4eb2to8f8531642f7f
true,cnn_image_classification-0,false,1818278,1.8145928382873535,1825719,d0d47ee8tof731tobcc6to3600to13b52bb32c20
true,dd-0,false,1140619,1.1365900039672852,1148295,ff29d767to9464to8243tofe90to075556ce5d59
true,cnn_image_classification-0,false,1443428,1.4393069744110107,1451491,dee9e23cto4bf7to9ffftof776tob3f7f4a2b5fb
true,pyaes-0,false,2546318,2.5431466102600098,2553952,a7595239tof0cdtoe91bto9c20to00325606445e
true,cnn_image_classification-0,false,1473201,1.469501495361328,1480853,9afc3b16to4e8cto32bcto5927to221b336987e8
true,pyaes-0,false,2582761,2.579195499420166,2589964,c1327ce0toc551to5ca7todfd8tof6f7acd57b2b
true,image_processing-0,false,2291516,2.288086414337158,2298575,33489032to253fto7de2to8aaftoe62eeedb7f22
true,dd-0,false,1079918,1.0762016773223877,1086956,087efdb1to1febtodd12to8e42to393a60b6ff27
true,pyaes-0,false,2572926,2.5696706771850586,2581160,87afdd00to5191to3c25tofee5toa94b6b623024
true,cnn_image_classification-0,false,1408739,1.4038233757019043,1416324,1bf23c32tod9f2to29d0to9173to8383eaf4e1d1
true,cnn_image_classification-0,false,1740731,1.7372026443481443,1748136,1df4cff6toc353to5926to69e3to2af9813ec4ad
true,pyaes-0,false,2610027,2.6065168380737305,2617387,8ace0f41tob450to0f33tod89cto3097adf3ed71
true,pyaes-0,false,2600884,2.5971648693084717,2608313,70378070to8d44to4fbfto49c3toe7ac8c9466cc
true,dd-0,false,1102111,1.0981907844543457,1109220,819c664dtoff5eto19e8toedd7to72a6de5a3ec3
true,image_processing-0,false,2083905,2.080873727798462,2091388,d22361e4to52d5to3242to4c0etoe6aed6bf565f
true,image_processing-0,false,2179747,2.1763229370117188,2187272,a1d02c6ftof254to964eto73c1to6fd8779735ac
true,pyaes-0,false,2574939,2.571477174758911,2581815,ef63dce7to9948to1234to1944to061586e63e90
true,dd-0,false,1159731,1.1559505462646484,1166742,ac6a6a50tobb62to7c18tob6d4to727f6735ccce
true,image_processing-0,false,2087257,2.08388614654541,2094528,437eb717to28bdto2cbdto0ecato9507c68613b6
true,dd-0,false,1170333,1.1665284633636477,1177765,0e920fa6to084bto4762to59d7to242ed68acb74
true,dd-0,false,1106551,1.1027607917785645,1114008,95629369to5d08to813bto71b5to2f96182aa974
true,cnn_image_classification-0,false,1786218,1.78259015083313,1793241,9f700ea3to510dto1222to8ce1to9870b4e2d52f
true,cnn_image_classification-0,false,1356046,1.3525002002716064,1363637,5aa2bfc1to2150to51e2to28a8tof9034a5bdedf
true,dd-0,false,1142826,1.139082908630371,1150515,ea479bd5to1cb4toda83to881fto770d2343c323
true,pyaes-0,false,2622529,2.6190345287323,2629593,3c952516to32bftod60etoee0bto523d4ef2c93c
true,cnn_image_classification-0,false,1562534,1.5585472583770752,1570152,3c4b1c64to45dcto0686todba4to2e7589a9a890
true,pyaes-0,false,2541194,2.5382142066955566,2548081,c99193afto8aa5tobfc4to252fto0f9bc523e477
true,pyaes-0,false,2658705,2.655621290206909,2665053,4c2983c3toe594toa92ctodc4cto68a806004367
true,image_processing-0,false,2176493,2.1733436584472656,2183405,dce3fb2ftoba66toe0c0tob3a5to01ad52b8196e
true,pyaes-0,false,2686319,2.682727575302124,2693668,7c153ef5to23dato7042to4e97tod02f26f20639
true,dd-0,false,1122052,1.1183443069458008,1129897,91e23fcetoa623tod482toa7ceto3813277a3fba
true,cnn_image_classification-0,false,1599988,1.5956547260284424,1606723,a3b60b5atob09fto9228to211ftoe5a0e2be0d5a
true,cnn_image_classification-0,false,1564832,1.5608234405517578,1572050,5809a833toa236to6d07to92b5to5c523570827b
true,cnn_image_classification-0,false,2123151,2.1193268299102783,2129721,ed1cd2a3to9243to098dtof0ecto978189dcfa3e
true,dd-0,false,1151069,1.1472718715667725,1158677,d0de7b79to804eto9771to8ed5tode9e9bb531e4
true,dd-0,false,1245824,1.2419922351837158,1253353,d77587b8to9d0ato5087tof8ectofe77744ec332
true,dd-0,false,1260291,1.2566919326782229,1267543,9809becdtoe1fcto962fto9667to3a396f9e0b90
true,pyaes-0,false,2703305,2.6995346546173096,2710898,33d6e9eeto1c9fto3d3eto2bb8to71525a7e52be
true,dd-0,false,1291353,1.2871801853179932,1298789,adce185eto2db4toff61to1c6eto7d31f51f934c
true,pyaes-0,false,2666189,2.6626360416412354,2673622,be11b8d6to1d6fto57cdtoe04dto990234bb9e4b
true,cnn_image_classification-0,false,1915770,1.912400722503662,1922662,8c9bc6e0toc795to607ato34e1to53f76616e2b4
true,dd-0,true,1090895,0.9189918041229248,2027678,31825087tob679to1b85to2ad5toc1a26c505cae
true,cnn_image_classification-0,false,1717830,1.7141127586364746,1724758,b3b4463ctobf59tod88etofd2ctod94fa7849265
true,image_processing-0,false,2134555,2.1313207149505615,2142264,e5f9638etof092to418atoe6d1tofdd3e54757c6
true,dd-0,false,1252583,1.2487409114837646,1260116,2b216caato86c3to1c09toba5fto4af06ae834bb
true,dd-0,false,1144709,1.1412200927734375,1151913,8584a574to6033to3454tof764tof9dc404c4653
true,pyaes-0,false,2595684,2.5920310020446777,2603069,c23f8e6fto8398toc27fto4d7eto9593330d7377
true,pyaes-0,false,2618426,2.6150550842285156,2625882,4f3a00e7to780ftoef44to6d6dtoa383ed3a4403
true,cnn_image_classification-0,false,1998841,1.994866132736206,2005998,d3ad37a7to346etob221to78c3to4519971a9acb
true,dd-0,false,1176902,1.1732196807861328,1185184,5f1096c1toa4feto7de2to9ee6toa2dc7bdbaf92
true,dd-0,false,1193001,1.189242601394653,1200230,2360f5dbtof923tob75eto3cc3to6a2ffb4022ea
true,cnn_image_classification-0,false,1600294,1.5961625576019287,1607802,f607424bto5c4eto0073toff12to091af30c61ff
true,pyaes-0,false,2587665,2.5841212272644043,2594965,e8b3ec49to73aato36bato80d7to7b1053ea351f
true,cnn_image_classification-0,false,1738464,1.7348017692565918,1746161,e66e5182to5413to5213todba0tod4b5cf36cee1
true,image_processing-0,false,2089062,2.086028814315796,2096161,8cc38074toaad5to4294tob5d8to7ba8c4d60b90
true,pyaes-0,false,2609203,2.605600595474243,2616371,73c756d1to7d8eto8cb2to8acbto894b43737234
true,image_processing-0,false,2218650,2.215832233428955,2225968,61ec6155to3901to6388toded4to222d1e892ccb
true,pyaes-0,false,2758305,2.7547008991241455,2766203,57f6872cto5837to479cto83feto627b8b0975f9
true,dd-0,false,1116693,1.1127498149871826,1124066,3ae9e320to366fto04e9toc359to4a4de03629af
true,dd-0,false,1145848,1.1421666145324707,1153062,e2e662e2to33cetoca57to3349tofcebbd802be1
true,cnn_image_classification-0,false,1865129,1.8612680435180664,1872469,ff39d002to11fdtoe2fetod206to173787882ac9
true,pyaes-0,false,2851685,2.84796404838562,2858900,65a145detoe3a8to8f4eto3df5to923a38159760
true,pyaes-0,false,2693863,2.690286159515381,2700941,c29838f1tob3f1tod7d9to44f3toef5ec5780a94
true,pyaes-0,false,2914572,2.9108221530914307,2921912,38be80a1to9fd4to17dcto989fto565a335034c3
true,image_processing-0,false,2145870,2.142629384994507,2153402,e3a22121toa751to3bf4tobd92to3006f41c2f07
true,pyaes-0,false,2651071,2.647611618041992,2658246,db29f518to8315to860btof45fto0521c466565d
true,image_processing-0,false,2110250,2.1071739196777344,2116590,18fc7bbdto3c24to0277tod0a2to946f0c194bda
true,dd-0,false,1110713,1.1067821979522705,1117957,1381b1a3to288cto7793tobd46todc481a9b4634
true,image_processing-0,false,2288575,2.285166501998902,2296003,2857bb89to1408toa113to0a8cto60eabc39fe18
true,image_processing-0,false,2112272,2.108844757080078,2119542,5aae957dto2dcbto240dto213dtof912c1143209
true,cnn_image_classification-0,false,1749342,1.744436502456665,1756763,5c233810to6f78to04dbto1f4dtoba3593cd3dd6
true,dd-0,false,1147032,1.1432197093963623,1154372,4ba3805btoab25to5258toc7a1to173d08aa4bfd
true,pyaes-0,false,2639683,2.6361887454986572,2646861,d8633877tof961to0d1ato4131tob1998b8e94c9
true,pyaes-0,false,2631413,2.6275739669799805,2637694,56adea9cto9f17toac69to739dto58657e37612a
true,image_processing-0,false,2098839,2.095345973968506,2106327,08979bd8to0fadto3e62to94d7toeede604f1e83
true,pyaes-0,false,2617315,2.6136536598205566,2624557,ba64bfc9tod7d2todae7to579dto2c6a34830cd4
true,cnn_image_classification-0,false,1863799,1.8598754405975344,1871607,f7ad7b1fto4e02to8e7dtoc12ctodca7a50c0d0a
true,pyaes-0,false,2593722,2.59005355834961,2601216,7ddfad8ato5cecto1ca5toeaccto3e56076c9619
true,pyaes-0,false,2608106,2.6044857501983643,2615839,c0fdc149toacccto929cto18ddtod8753aec2265
true,image_processing-0,false,2156457,2.15328598022461,2163860,aa4e0c1dto2b61to9229to1376toc9966601d1e8
true,dd-0,false,1114851,1.1114323139190674,1121933,fb4d8c77to7280to6dddtoc7a4tobfbd76909a0e
true,pyaes-0,false,2683288,2.679957628250122,2690441,08f86310tob31dtof594to3634to45baf16ad60c
true,dd-0,false,1168031,1.1643896102905271,1175264,924875d4to9301to8afato2b24toba297c01acb3
true,pyaes-0,false,2696840,2.6931636333465576,2704225,83154b85to5fcatod1c8to44bftoa54a5dcbd924
true,dd-0,false,1176582,1.1728017330169678,1183760,db9b0f62to9a47to6ae0tob570to862ecd82d1dd
true,pyaes-0,false,2700085,2.697181701660156,2706775,6709126ftoe319to2c39toe136to513c9994405c
true,image_processing-0,false,2160690,2.157462358474731,2167612,586182f4to8948to031btoa3bcto0d43ae5ac587
true,image_processing-0,false,2234508,2.2312979698181152,2241559,415d103atoa9c2to8457to0ef9to20c7ceb4b609
true,image_processing-0,false,2218194,2.214806318283081,2225226,283603c2to523etod5ceto293ato88585c493de4
true,pyaes-0,false,2972916,2.969564437866211,2979878,73c19166to4812to16edtob20bto8e5aecf01dca
true,dd-0,false,1160446,1.156747341156006,1167457,e12631bcto1eb5toad25tob15btofe173055695d
true,cnn_image_classification-0,false,2255203,2.25104022026062,2262191,3d9a41a8to564bto7968to058eto36a6e464b0c7
true,image_processing-0,false,2340020,2.3368399143218994,2346966,bba428b5toe7d7to8718todb33tof3c06e018574
true,image_processing-0,false,2299939,2.2966604232788086,2307194,75d295b1to0d8dto4597to30fdto9e2d75671400
true,image_processing-0,false,2269825,2.266462564468384,2276948,7c05febcto49edto8e44to6425to872f4b3b36b6
true,dd-0,false,1308841,1.3052911758422852,1315742,c6e80bc7tobfdeto6ec0to5175to4b718ee995cd
true,pyaes-0,false,2837786,2.8342974185943604,2844401,ed9ffdecto97e0tof23dto91aetob9762f88cbcc
true,dd-0,false,1326104,1.3223066329956057,1333398,8fc33b80to7ec6to484bto9d04todd3b68f7d075
true,cnn_image_classification-0,false,1990564,1.986823558807373,1997964,c74a5323to4c39to4a4ctoe6b1to6ceeab1f8020
true,dd-0,false,1283102,1.2791109085083008,1291041,a410601bto48c7to4f11tocbabto3e5bc730954b
true,image_processing-0,true,2308024,2.176285743713379,3388027,a4b6e292to7427to8413to396ato6a6d220ae713
true,pyaes-0,false,2830510,2.8267741203308105,2837184,163126a4to934eto54cfto6cb6to1362d3196560
true,cnn_image_classification-0,false,2141052,2.1362464427948,2148547,a2d33063to8a31to00b3to9156to64393543dfc6
true,pyaes-0,false,2788982,2.7856104373931885,2796074,a48f72c2toeb94tofdbbtoc434toe6c9079af33b
true,cnn_image_classification-0,false,2017199,2.0133447647094727,2024351,d4ac98fdto7c93to7d8ato74cfto30aed83f813d
true,pyaes-0,false,2914131,2.9106407165527344,2921164,3c3726c1tocbc9tob155to642atofe70c31945cb
true,image_processing-0,false,2138516,2.1353139877319336,2145830,b8f46a6dto8e2fto4192toe1e9to8095a82268b1
true,cnn_image_classification-0,false,1997122,1.9936652183532717,2004337,f53b3c31toe9b9toef9dto6228tod6a0aa02ab8c
true,cnn_image_classification-0,false,1917283,1.913398504257202,1924858,fc03e7a9to69f8toebe6to9242to8702c55f40bb
true,dd-0,false,1122863,1.1192169189453125,1130111,fe7ed20fto5204to1374to854fto4c81ea805bd1
true,dd-0,false,1113692,1.110038995742798,1120988,088555f7to4198todf24toa8abto6b7dddc9d9c8
true,pyaes-0,false,2654586,2.6512722969055176,2661893,f9f232bdtoc0cfto4ce6to4debto434019528f4a
true,cnn_image_classification-0,false,1878366,1.8747751712799072,1885975,fe5779e2to9e90toc9b1to2fbfto494609c6d6ae
true,dd-0,false,1106373,1.10243558883667,1113953,7c2f85c2to2c63to2b35toc2aetobe7ca6cf020d
true,cnn_image_classification-0,false,2163477,2.1597838401794434,2170052,2dd2fbceto0ae3to8738to6dc0to1e6649ed7570
true,dd-0,false,1091252,1.0872962474822998,1098956,f5ceea93tob9b5to7a66toe4cbto378c6bb937df
true,image_processing-0,false,2184342,2.180889129638672,2192165,d6c33646to2d32to3df0todff8to46fa6d7f4d08
true,cnn_image_classification-0,false,1895988,1.8922789096832275,1903793,2f3a2974to6fa6tod74ctod093tod65fac6726c4
true,pyaes-0,false,2694687,2.691035270690918,2702147,90984ab9to3cf7to77a6to7769to281d4206de05
true,cnn_image_classification-0,false,1906316,1.9027583599090576,1913854,62ab2e65to0ccbto70eftoc661to49b676b3d005
true,image_processing-0,false,2184598,2.181225299835205,2191978,e32ab23fto1672toab8btod085toc159dd801661
true,pyaes-0,false,2700364,2.6966216564178467,2707865,d3d779b5to24b7to9f59to4b53to4497884e8bdb
true,cnn_image_classification-0,false,1956747,1.9530367851257324,1963574,ac0cb7d9to752cto7de3to8627toafaad95c1322
true,cnn_image_classification-0,false,2033759,2.028723955154419,2042444,606d4b33toac38to8516tod623to5d817168695b
true,pyaes-0,false,2675577,2.672565221786499,2681951,bbb8d4a7to1536to0b2cto3778toc52f46772fee
true,image_processing-0,false,2198191,2.1943647861480713,2205870,affd326atocde1to01f9tob3f2toe18f5786e74a
true,pyaes-0,false,2693692,2.6902873516082764,2700810,9fffcb9fto92b6tob23dto5ac3to804530efd996
true,dd-0,false,1194112,1.1901516914367676,1200977,057d854dto243ato27cfto6a58to33872eadfa3d
true,cnn_image_classification-0,false,1994381,1.9903931617736816,2002554,3e49013ctob8bato3fa2to6127to6bb48a30f4bf
true,pyaes-0,false,2611349,2.607659101486206,2619227,96eda4c8tob5bcto8217to7520to087d1dd020b9
true,dd-0,false,1199865,1.1960480213165283,1207554,027a4509to171dtoa4feto98eato1f641d3bdc81
true,dd-0,false,1240746,1.2371747493743896,1248570,dd34599bto7124to1925todc09toa6e5ceb7587f
true,image_processing-0,false,2102243,2.098780870437622,2110404,03d2ebfftob476to0045tobc1dto1beb50e959cd
true,dd-0,false,1166191,1.162242412567139,1174060,69aae2c1tob0d9tob177tof38ato59bc32bf7919
true,cnn_image_classification-0,false,2216618,2.212639093399048,2224794,5402bf78tof7acto4728tob0b4tob18325975e0c
true,image_processing-0,false,2138911,2.1354551315307617,2146384,c548e1cato01deto9275to12d6to06679bc1d398
true,image_processing-0,false,2142170,2.1391234397888184,2149014,df28d1adtof361to9486tob8a7toe2f2ddc71bc3
true,cnn_image_classification-0,false,2075256,2.070424318313598,2083004,1f141386toee76tod81fto33bbto85ce0bdfe9e9
true,cnn_image_classification-0,false,1972225,1.967503786087036,1979938,249797a3toff9dtoa87bto8c6dtoc07697fa3b6a
true,image_processing-0,false,2044372,2.041213274002075,2050670,69e5d1a7to6882to00b1to6904to67cf213ce9ae
true,cnn_image_classification-0,false,2006461,2.0025784969329834,2013787,48fda2b3to9354to0792to0c2dto5fd076083926
true,image_processing-0,false,2045190,2.0420663356781006,2053181,54cecec3toc382to1088tof394to00b427303592
true,pyaes-0,false,2536607,2.53326416015625,2544291,0561d4fbto3d8eto3b1fto0a75tobe64e33872a0
true,pyaes-0,false,2552506,2.5493288040161133,2559531,aeeb17ebtoc703to535ctoeb25to929b88f6adf3
true,dd-0,false,1132460,1.1286451816558838,1139628,3d77b4fcto0485to3880todf47tof63b7ee73370
true,image_processing-0,false,2090709,2.087646007537842,2097569,4f102928todb3ctoddc5toe81dto89eea6695ee6
true,dd-0,false,1153569,1.1498098373413086,1160879,aab9bb48todbaftobf1dtof6f9toa33b8d6703b3
true,pyaes-0,false,2703356,2.699679374694824,2710632,b92a92dcto15bdto6d19to5aedto6f38efd44482
true,image_processing-0,false,2101170,2.0977985858917236,2108678,5161bd66tobbc9tof2f0to9578tob9ff9478d33f
true,cnn_image_classification-0,false,2147538,2.1428439617156982,2155000,cf49ebbdto40e4to609atoc1d0toe9b026b625ca
true,dd-0,false,1208962,1.2048680782318115,1216846,866e831ctoc166to20eetof922to43df905ea657
true,image_processing-0,false,2099080,2.095914363861084,2106330,ed1f6aebto0300tocb03to6f2ctobb348aedec0d
true,image_processing-0,false,2174994,2.1717984676361084,2182785,cb32998eto36f3toa3cfto18fetoc4ada7fea294
true,dd-0,false,1197232,1.1934409141540527,1204626,616c8444tod7d4to7d09tocf3dto989d2787f8a0
true,pyaes-0,false,2577619,2.574568748474121,2584726,d76bf66cto7671tod530to76c7toc5238fb636a7
true,dd-0,false,1205352,1.201582908630371,1212400,fe99c408toc9cdto1edato18cbtoc5d41e000beb
true,image_processing-0,false,2051510,2.04885196685791,2058467,5ce3bf4bto7e18tocae3to2894toa2487d7d1244
true,pyaes-0,false,2538569,2.534871816635132,2546470,d74ac485to65d8to5508to0c09to7c3f6e1913bc
true,cnn_image_classification-0,false,2054461,2.0510125160217285,2061939,4d815363to9897to0b2bto1878to301b5c6b725d
true,dd-0,false,1123754,1.1199703216552734,1130973,ebfb68c7to0896toc5b3to99c1to5cb759029faa
true,image_processing-0,false,2068158,2.06502366065979,2074569,a18ce429to42e1to49aetof60ctod897a66ed264
true,image_processing-0,false,2061003,2.0578420162200928,2067777,d05d9a85to879eto3da5to3f8fto4a7362d329a5
true,image_processing-0,false,2130271,2.1267759799957275,2137268,45ffa815to1c25to8f5ftobcb0to901f7493cfeb
true,dd-0,false,1172864,1.1689791679382324,1180294,0661f09etoaa15tobd79to5cd0toe9b8c6120556
true,image_processing-0,false,2127528,2.1241493225097656,2135055,d11e08fcto7715to23e3to34b0to5321f64a9554
true,dd-0,false,1117894,1.1143157482147217,1125499,083748d2to9e1etod88ctoe919to381c5f101bea
true,pyaes-0,false,2603857,2.6002731323242188,2611608,dd8a8171to9bbeto1606toc9c3toa3b12b9be893
true,pyaes-0,false,2644418,2.640876531600952,2651469,ecae0708to2bc9to0517to9f21to05bb097b010f
true,dd-0,false,1140720,1.1366956233978271,1148184,49ebb79ctoec8ctob5dbtocde1to87e79fef5aa2
true,pyaes-0,false,2706313,2.702641010284424,2713637,8fd7c00bto89d1to5e22to37b9to499c61f93750
true,cnn_image_classification-0,false,2216304,2.2123608589172363,2223772,c57ce726to89d5to0567to7990tod625ee8466fd
true,pyaes-0,false,2653962,2.650313377380371,2661309,be3c0655toff06todfa6tofcadto3e1dda229a23
true,dd-0,false,1121085,1.117201566696167,1128585,fbd54aaato055ctoc94dtoe430to8e94f4440d4b
true,pyaes-0,false,2628927,2.625250816345215,2636717,cd531cfcto9a6fto6a4ato9f68to1c4c7001bc23
true,dd-0,false,1135383,1.1319315433502195,1142825,c82318afto5633to0981tode48toc3b607370a2d
true,pyaes-0,false,2576649,2.57296371459961,2584118,0c622c76to90c6tob398to8c37toc634c5005ea7
true,pyaes-0,false,2684174,2.680380582809448,2691717,827415d3tof241to30cfto52bbtoe486bc84ea9d
true,cnn_image_classification-0,false,2162965,2.1591031551361084,2170467,09b39021to93e3to6542to65c1to58a42745e65e
true,dd-0,false,1174548,1.171267032623291,1181325,ea76cb4ctoc28cto7481to0b8ato7fb438cc9f90
true,image_processing-0,false,2134655,2.131471633911133,2141179,453068b6toeea0tof423toc125tob29d2fa39463
true,dd-0,false,1196671,1.1927282810211182,1203901,d2310de1toe3fetoea03toef63to4a29bc585522
true,cnn_image_classification-0,false,2616150,2.6120798587799072,2623136,bba419batocb87to134ftob58dto5081efd3ffc9
true,cnn_image_classification-0,false,2321153,2.3172779083251953,2328579,76f60d52tob636to5491to1d16to66015c49cb25
true,dd-0,false,1223102,1.2191529273986816,1230387,e868c993to1038to9aectob910tocde140140fa0
true,pyaes-0,false,2599228,2.5958564281463623,2607199,63cff6c0toa3cbto0482toc9aetoa93c9af6512d
true,dd-0,false,1151634,1.148176670074463,1158615,64456a3ctoedf5tob40eto904bto30fdb7dcdc7d
true,dd-0,false,1203734,1.1999106407165527,1211165,7d0923c9to0044to9213to2816to7a66a5c5fefb
true,cnn_image_classification-0,false,2462442,2.458362102508545,2470080,090204d5todcc1to75aeto0725to73a7f9773566
true,pyaes-0,false,2626977,2.623270034790039,2634317,105405e7to8f7eto5d66to4298tod7da24af0b24
true,cnn_image_classification-0,false,2383337,2.379711389541626,2390820,52fd3e43to1086to56e4toc91cto0bca940ddad9
true,cnn_image_classification-0,false,2475665,2.471877336502075,2483037,ea9fa689to448etod0b4toea26to4099395f6f22
true,cnn_image_classification-0,false,1613555,1.6095130443572998,1621109,d952940cto8daeto8d75tof48ftoc390eca49761
true,dd-0,false,1174604,1.1705996990203855,1182201,2d3837e4to6e4ato4b5etof50fto7c5fb9e075f9
true,image_processing-0,false,2188174,2.184752941131592,2195716,89144f37to2410to4e0fto15d8tob35545ee882b
true,cnn_image_classification-0,false,2424064,2.419126033782959,2431609,fea72478to118cto96f9to7e21to1e69dc1ed4d2
true,dd-0,false,1107535,1.1035470962524414,1114922,548fb47dto2079to48f3tobd4btod62ebbe790ec
true,image_processing-0,false,2178188,2.1748287677764893,2185510,e0b3c1e2to1396to5715to18f9tob1abdd37aaf9
true,dd-0,false,1055125,1.051239252090454,1062604,27b5922btoa74dtoc2f2to852eto52db59b26e25
true,cnn_image_classification-0,false,2475425,2.4720587730407715,2482358,12e5f062to7705to7645to966atofe5c32e6a2f2
true,pyaes-0,false,2568607,2.5652072429656982,2575643,8bd4550dtof8f0toc54dtod524tod8b81a7a80f4
true,pyaes-0,false,2619321,2.6158974170684814,2626552,aae6cf2dtoe5f1tob4c7to7ab2todd2bd982b42e
true,image_processing-0,false,2285388,2.2819676399230957,2292760,d6dffeeeto1a51to7fd2to9a47to5c13d9032570
true,dd-0,false,1166694,1.162850856781006,1174313,b7fa4ffdto268dto7038to61b3to6cd3f8be52e5
true,pyaes-0,false,2655040,2.651360511779785,2662506,50bd1528tod43btob8dbto197dtob3322a7d420d
true,dd-0,false,1191943,1.188349723815918,1199382,6f9d7e90to83cetoec4dto50b8to8af975ab113b
true,dd-0,false,1231028,1.227283239364624,1238424,924813dftoa4b4toea01to2b66toa588e368f4e5
true,dd-0,false,1209962,1.2064499855041504,1216433,588f9f3dto22e3toc259toa0b6to44698f363938
true,pyaes-0,false,2546591,2.543738842010498,2553249,29d20ae6toc43atobddeto38cbto79c5bb23343a
true,dd-0,false,1205172,1.201596975326538,1211625,230209cato2c0cto9fd3to337bto96c152107a42
true,pyaes-0,false,2671452,2.667693614959717,2679260,36645476tod126to7893to7b85to6afacd1a729b
true,image_processing-0,false,2141966,2.1385855674743652,2149347,babf69b3toa548tof65atoe7bfto31e3e88cbe25
true,image_processing-0,false,2052981,2.0495550632476807,2060498,e634efa1to8640to1ec5tocfa7toeb11baf42878
true,pyaes-0,false,2548749,2.5452702045440674,2555929,c1d0bdcfto9620to9292toaa5dtoaaa00be2ba0e
true,dd-0,false,1075944,1.072176456451416,1083681,1935fc49to4d04tobd03to979eto6163dd4f2e21
true,cnn_image_classification-0,false,2423522,2.4194931983947754,2430988,e9ff98b1to73b8tof5d6tof693to68f2fce68206
true,dd-0,false,1109055,1.1056499481201172,1116145,79bd1ae2to13b5to8911to6366tof35f3ffc3552
true,dd-0,false,1172522,1.1689586639404297,1179307,76a3357dto5e6eto0feeto8a48tod1511a36d5df
true,dd-0,false,1176686,1.1724236011505127,1184314,1ed9ba43to2206toc6eato76d9to72c558bc88cb
true,dd-0,false,1172630,1.1686606407165527,1180091,e5b92bbcto159ctof3a2toefddto4ca45982d4a2
true,image_processing-0,false,2076247,2.07295823097229,2083711,b2b2d8a1tod91cto9d5eto7f82to5f836cf18531
true,dd-0,false,1187352,1.180323839187622,1194847,23860595toa1aeto6f59tobaf7toa796eda1367c
true,pyaes-0,false,2549534,2.5463626384735107,2556911,630d42f7tob587to8a64to81b8tob16462159e9d
true,dd-0,false,1156123,1.1521830558776855,1164419,2e8f4a1fto8d86to9728to1f3atod1b54c9135c1
true,pyaes-0,false,2609477,2.6057119369506836,2617110,90ff14c5to4735to0da2toc18bto97b596852e31
true,image_processing-0,false,2115702,2.112372875213623,2122705,e4f563a1to2f57to7105to7719to965d6d02b6a1
true,pyaes-0,false,2575135,2.571388006210327,2582328,7c3f52e3to17c1to8e71to4a83tob8064b487230
true,image_processing-0,false,2129183,2.125732898712158,2136560,8fdcef6eto93fbtoab0cto1f48to85f102c00331
true,image_processing-0,false,2055698,2.052743673324585,2062937,dfb3c3f0to1febto5cf1toc8e2to4d012b6ac0a6
true,dd-0,false,1148850,1.1449575424194336,1156424,160bb151to3da1tod4c2to8fe9tob485f8db0946
true,dd-0,false,1160182,1.1563668251037598,1168061,49acea5fto3a21to13f7to3157to7c9a0b6156be
true,cnn_image_classification-0,false,2343806,2.338967800140381,2351744,6f19e991to0916to07fdto0a7cto0bd3552de637
true,pyaes-0,false,2550334,2.54666519165039,2558191,19ce6397to9b3btod31btoaa8ctoe72a01ef7493
true,pyaes-0,false,2609875,2.606081247329712,2617401,2cf443f5tob1e6tod8d9todd11to2c9b51d28bee
true,dd-0,false,1069908,1.066138744354248,1077489,1081e073toce26to685fto2209tob9cd746cf016
true,pyaes-0,false,2696744,2.6934382915496826,2702755,48b5caedtob535to2ab7toe131toebbb756ed442
true,image_processing-0,false,2091500,2.088456630706787,2098578,0fee4972toc66bto0937toe91bto3533d7a8f542
true,pyaes-0,false,2543259,2.5396058559417725,2550719,f3cda1eftoe4e0to4ed0to10c7tocf2d16f382e2
true,dd-0,false,1129985,1.1260387897491455,1137270,88ac0915toa806to69aatob77dto8e3f4afb111e
true,pyaes-0,false,2613381,2.6099371910095215,2620582,3cb5916dto9112to923dtoe641toc43069a024d9
true,dd-0,false,1170597,1.1667487621307373,1178319,7b010a15to8de9to302dto9ae9to3bbe91f0f1dd
true,dd-0,false,1188724,1.1852881908416748,1195206,be3f21e7to42cdtod547toea60to08f8f8e0bc50
true,pyaes-0,false,2616963,2.613157033920288,2624489,a9fdfce7tode10to3a50toab87tob6b5caafb06a
true,pyaes-0,false,2614537,2.6107277870178223,2622021,6db4e310to0c51toeb75tobbf9to52cacb5550d4
true,pyaes-0,false,2565115,2.562130928039551,2572316,5a7623a5to9175to3898todfcato60b523460687
true,cnn_image_classification-0,false,2476166,2.4725265502929688,2482718,a34b9f81tob081toc9d8tob671toe1d0b5ab6662
true,cnn_image_classification-0,false,2426069,2.422316551208496,2433095,910e019cto47f0to07f9to7ee8toe092d131210a
true,pyaes-0,false,2602266,2.598777532577514,2608578,3c047670toce24toa8d3to6a30to00565c7a7505
true,cnn_image_classification-0,false,2478456,2.4747989177703857,2484456,356ae0b1to92catoe136to0204to786f424b1869
true,image_processing-0,false,2132881,2.129535436630249,2139639,83de3145to4198to847ato7a5eto02010cb7a249
true,cnn_image_classification-0,false,2512271,2.5078213214874268,2520157,b49aac68toeedbto60aatoe5d6tofac4a72198b0
true,cnn_image_classification-0,false,1599676,1.5955612659454346,1606882,f2bf0687to4560tof73ato0aa6to4270294f8d25
true,cnn_image_classification-0,false,2705650,2.7022056579589844,2712607,8cbec1a5to2394tobe10to59c1to7320312de347
true,pyaes-0,false,2537400,2.533862590789795,2545825,87c05343to0a06tob48eto9b40to0b52bb770146
true,cnn_image_classification-0,false,2639733,2.636199951171875,2647053,a3488196to5ca9tod7f3to01cetof34d8bfcbb76
true,cnn_image_classification-0,false,2379622,2.3756256103515625,2387005,7a65760etob37btob846toaa9fto1cc7856ec8f5
true,cnn_image_classification-0,false,2424234,2.4204061031341553,2431729,f168d829to5b70to19eeto8f26toca5838548888
true,dd-0,false,1123743,1.1197447776794434,1131546,ff74c79ftoe9d6to6029tof2eetod75678920b61
true,dd-0,false,1170509,1.166668176651001,1178000,823657afto45adto74a7tobfdbtofbe0c9f19eda
true,image_processing-0,false,2153078,2.1495792865753174,2161118,12b35ffdtoffa6tocddeto1eb9tod4dae4de1636
true,pyaes-0,false,2628739,2.625074863433838,2637110,fef9e76btoc489todefbtoc7c1tobc28a02ad559
true,cnn_image_classification-0,false,2270324,2.265000104904175,2277889,58028c9fto2fbato478dto415cto8f00b80d44da
true,image_processing-0,false,2156904,2.1534159183502197,2163565,3862b785to8f80toad02tobc72to0694fe5b52bc
true,pyaes-0,false,2560624,2.557412624359131,2567199,8744fc6ctoba54to4521to853eto4a59b09e07aa
true,pyaes-0,false,2598196,2.594647169113159,2605399,04eadd7ato5b6ftob9actoe1f3to6ef2ebf611a0
true,pyaes-0,false,2579305,2.575927257537842,2585698,fe8d155cto7628tof885to7d39toc0c97eec5ae0
true,dd-0,false,1107519,1.1037585735321045,1113933,95b19594to5a33to2e27to4f92toa10edfc1832d
true,dd-0,false,1170430,1.166512966156006,1177948,b234cf3ftobf3dto7cd1to2ea0to48ba39bd30b8
true,image_processing-0,false,2066435,2.063387870788574,2074094,d4556812to3b14tod59ato1817to0265893ec06d
true,image_processing-0,false,2137358,2.1341757774353027,2144432,603b8913to3973to38e6to15f4to709b317e929d
true,dd-0,false,1107337,1.103581428527832,1115189,9a29676dtob0e0to9615to28b2to8de6435c7544
true,image_processing-0,false,2032455,2.0289814472198486,2040369,81e726bbto8d33to9073tod180toada7997eeb20
true,image_processing-0,false,2115285,2.1121363639831543,2122162,f5753f01to8d59to452ftoceabtoe81f85315dc5
true,pyaes-0,false,2541948,2.5382564067840576,2549428,9599900dto80d2toe501toa7cbto4c44e589aa09
true,cnn_image_classification-0,false,2435331,2.4316513538360596,2442723,d1a132d1to3fd4to2751to3d99tof66e02c4a18a
true,image_processing-0,false,2140220,2.136850595474243,2147561,8f06416ato5e5fto7efctodfb8to129970bd0230
true,image_processing-0,false,2097408,2.0945584774017334,2104330,187ab5catocaabtoa9c9to8286toa6b6d2afd15b
true,image_processing-0,false,2168877,2.1653881072998047,2176685,cf8466aftof251toafb8to875ftoa3b6ccccf865
true,dd-0,false,1138354,1.134584665298462,1145900,d47f5122to348bto0535to1eb0to43815cb7c689
true,pyaes-0,false,2635431,2.63167667388916,2643473,f39b76b2toa003to0ce1to1ae1tobff96a28eeac
true,dd-0,false,1189427,1.1856350898742676,1196949,a6d77dc5tof5bdtodc2ato9e42to8f2de761db72
true,cnn_image_classification-0,false,2919790,2.9151132106781006,2926896,e9428ceatobe73to60deto6df4toe5ec70d48858
true,dd-0,false,1215404,1.2116918563842771,1222204,9e6422d9toe926todd69to8513toc4ec4b3f75b7
true,cnn_image_classification-0,false,2661278,2.6574831008911133,2668658,0e3ea3adto7689toa6batodb50to80c66b623707
true,image_processing-0,false,2057242,2.0536868572235107,2064251,96be7896to05adto32d6to6063tod8a2054ace18
true,pyaes-0,false,2553333,2.549591302871704,2561230,cdac665eto58edtoa84ftof95bto966d6ad44577
true,cnn_image_classification-0,false,2600954,2.5971200466156006,2608665,bafb1eb2to72c7to69fato20a1to895930feff4a
true,cnn_image_classification-0,false,2620020,2.615720272064209,2627793,cbd2d283to1df2toef10tobecatob9d6bb6ecd86
true,cnn_image_classification-0,false,2780678,2.776540994644165,2788987,81da94b7toc75eto10a9tod3a2to3b5ddfe7fb63
true,dd-0,false,1133645,1.1296701431274414,1141155,5bb31926tod434to0250to7f26toadfef91b0a68
true,dd-0,false,1176224,1.1723291873931885,1183430,8995f1f2to2af3tof3c5to379bto6fdae85cffc4
true,pyaes-0,false,2561826,2.5581443309783936,2569407,2c350dc4toc7f6to130ftoe1cftob0354bcef0a2
true,image_processing-0,false,2047257,2.0438435077667236,2055204,cc5d0130tob4b0toaa89to6a67to701e102cd669
true,pyaes-0,false,2579606,2.576390027999878,2586401,1b7d932bto8b33toc18ato7c81toeae7139768ec
true,cnn_image_classification-0,false,2611831,2.6083574295043945,2618446,a546a35btoaabbtoc629to2649to2755169bce0f
true,pyaes-0,false,2672842,2.669473171234131,2680754,c80f1d34to35d1to8171to7daatoc9d4fa99e4b6
true,cnn_image_classification-0,false,2829348,2.825589418411255,2836849,99311498to9942to25bdtoda3btof447257a25b1
true,dd-0,false,1129947,1.1262257099151611,1137086,90a49f22tob292to8117tob622tod89ced04f647
true,pyaes-0,false,2731542,2.7278892993927,2738935,8b6dc2f0tocd1ctoc4d9to822dtof70290350a0d
true,image_processing-0,false,2185587,2.182088613510132,2193007,298b63edto73e5to871dtof74ato5be36c5dee6b
true,image_processing-0,false,2212160,2.2089710235595703,2219500,50295d90toe3aetod918toeb86toe13ab753742e
true,dd-0,false,1160435,1.156452178955078,1167880,646278f3to0eccto6ed7toce7etod81731773038
true,image_processing-0,false,2128408,2.1250908374786377,2135636,0574c4d0to1b12toea32to5b43to284e158972b8
true,image_processing-0,false,2107635,2.104361772537231,2114664,62e561d0to30aeto6412to7af6to06380eb13d06
true,image_processing-0,false,2165076,2.1616523265838623,2172121,cb56d246tof950to3b15tod24ato451650c18501
true,pyaes-0,false,2586289,2.5826423168182373,2594154,08bb89aato9596to6e9cto3f46to11a8a1703172
true,cnn_image_classification-0,false,2311254,2.30617618560791,2318664,8ae69ac3to0202toe722to43eeto0f947515947d
true,image_processing-0,false,2047661,2.0442912578582764,2055188,69d76ef1tobd79to00d6to82f1to773bbaaa830d
true,pyaes-0,false,2536730,2.533475875854492,2544122,b1d8a3dato58a8tof443to7e46to7039c1aa315a
true,pyaes-0,false,2521615,2.5181643962860107,2528775,c47271a2toac50to9c91to3efeto9d5957ee5bcf
true,image_processing-0,false,2034943,2.031909227371216,2042333,4f7b5aeato7ca0toe6ddto0f66to7a44f46e64eb
true,dd-0,false,1125709,1.1220219135284424,1133131,bb0197f8to46ccto29fbtoca5ftoe8edb7e5a645
true,cnn_image_classification-0,false,2640356,2.635307550430298,2648096,f69c060cto38c8toba14to7781toc8d7d31f3967
true,dd-0,false,1179063,1.175295114517212,1186615,db08e351to2920toc135to5ffato7862a94f9e3d
true,cnn_image_classification-0,false,3231283,3.226292848587036,3237707,87baa394toa229to15betoed74to501efbc913fc
true,dd-0,false,1183950,1.1800341606140137,1191348,e9cfd006tod921to529atoe727to3b9cd08ef947
true,pyaes-0,false,2823340,2.8203766345977783,2829958,81878e8ctocf85toc7edto9409to921998c46993
true,dd-0,false,1165970,1.162036657333374,1173305,c94e141atob2a8to6011to7d54tofd7222698853
true,pyaes-0,false,2954905,2.9513866901397705,2962265,9a92e717tofe41to901dto86f4toa13374b14cb8
true,pyaes-0,false,2982700,2.9790303707122803,2990177,b2a49b20toc3e5to3fdfto9afbto90e78556dfe4
true,cnn_image_classification-0,false,3232739,3.228390693664551,3239671,b356e3bftoc477to366bto6b8fto288bfb9c2951
true,cnn_image_classification-0,false,3204701,3.200286865234375,3212212,7c3a6f31to6fd6tod633to22d0to5bad60540c81
true,image_processing-0,false,2489998,2.4865214824676514,2497922,91c81f23toc4a0toa56cto94c9to0df0a4de2d42
true,cnn_image_classification-0,false,2984694,2.9809179306030273,2991953,e1841b93tod578to0c50tocd2dto4b7722da002a
true,image_processing-0,false,2476549,2.4731249809265137,2483893,f5af8d69to9aadtoacc0to4556tof52cd419b29b
true,cnn_image_classification-0,false,1979396,1.9753267765045168,1986188,56908240tof9fato2c38toad2fto0451ae46a533
true,dd-0,false,1264732,1.26086163520813,1272045,ac202b32to6cb7toc000tobe9ato6b04b7239239
true,pyaes-0,false,3029378,3.0254831314086914,3036973,85c3edd2to6efcto8b2eto3ce5tobdc6a12cf669
true,image_processing-0,false,2394011,2.3904669284820557,2401266,91b26099to2bb2tod70fto2617to32c1f91b53f3
true,dd-0,false,1354220,1.350611925125122,1361189,42201987to6fe7to59datofb73todc6674d6068c
true,dd-0,false,1288104,1.2844295501708984,1294971,9cc2ec5ctob351to1702to57fetod05e0a413627
true,pyaes-0,false,3089667,3.0858545303344727,3097008,441b40d5to136atob8fcto2f8ctocd9f48b91b01
true,cnn_image_classification-0,true,4363631,1.6501121520996094,5305300,757a4752to426ctofc73to5713to7d232531d572
true,cnn_image_classification-0,false,2808420,2.804532289505005,2815219,cf0f45f9toe71cto3b5atof1datoa1fc4c9e268d
true,dd-0,false,1281426,1.2773888111114502,1288706,f3876a47tob820tod6d1to783dtof247056950d2
true,image_processing-0,false,2204629,2.2013964653015137,2211491,e4b63039to5de4to3c20to3591toa7b6d7568da3
true,pyaes-0,false,2668087,2.6650304794311523,2674990,3a6258bfto6ac0to919dtoe638tocd844b575e72
true,image_processing-0,false,2169304,2.1661288738250732,2176357,5a2d85aetof3dcto9c2fto8476tofae005d8e6c8
true,pyaes-0,false,2621103,2.6174561977386475,2628650,54cd309etob520to08detod4dbto492b0d25d219
true,pyaes-0,false,2606673,2.603088855743408,2613487,b2e9895dto3178tob755todefbto081b19e8aa8b
true,cnn_image_classification-0,false,2752058,2.7478415966033936,2758961,c01d742cto406ato4a19to8978to07d764770312
true,image_processing-0,false,2088768,2.08556866645813,2096645,5c451ecfto08fctoae10to35f5to9ac6c2de5150
true,cnn_image_classification-0,false,2816844,2.811603546142578,2824298,f2a90860to8b16to195ato7346to7ac52ddc6c0b
true,dd-0,false,1278502,1.2746570110321045,1286091,3d5791acto4c85toe724toc6d3to2d3b0be28ea6
true,dd-0,false,1153906,1.1502172946929932,1161394,5811c86ftoe9a4to24efto8a5dtoa53dd4451ede
true,dd-0,false,1193200,1.189514398574829,1200559,48d18f07toc698toda1eto8278to9db50fb19eaa
true,cnn_image_classification-0,false,2744045,2.7400810718536377,2751636,1d34676etoe632to9af7toce5ftocdd70728f5d4
true,cnn_image_classification-0,false,2803470,2.799461841583252,2810935,04568f33to9eaeto4bcctode4bto3002e7cc1e99
true,dd-0,false,1237199,1.233351230621338,1245067,c7f0689eto1e0ftof1c8to7546to9ae631e78252
true,cnn_image_classification-0,false,2922209,2.9183349609375,2930158,14060aeftoc15dto9115toa4e6tobf72d82cedbe
true,pyaes-0,false,2582733,2.579045057296753,2590223,e4086946to9317toe3acto8966tobe606034ae4f
true,dd-0,false,1176399,1.1726582050323486,1183978,e14f3031to52betoae91tofb75to7b024e98befb
true,image_processing-0,false,2122793,2.119431257247925,2130151,6183aa2fto1210todffcto96aeto4226531ab68e
true,cnn_image_classification-0,false,2726272,2.722548246383667,2733840,48bc0d68tof905to5acfto0515tofd4863b902c3
true,dd-0,false,1079496,1.0756354331970217,1087272,82d78bb0to96e6toce7cto7ce7to8c99adb75fb3
true,image_processing-0,false,2034700,2.0313594341278076,2042558,1c3050ecto7114to1848toc49ato882db5b221fe
true,image_processing-0,false,2121841,2.1184144020080566,2129715,e455aa8eto1b27toaa72to1957to746caac53f9b
true,image_processing-0,false,2129487,2.126108884811402,2136863,bd3eb117toc51eto1cbfto0da6to074ba87eb930
true,cnn_image_classification-0,false,3000276,2.996162176132202,3007662,13d223ebto53feto4d03tob6a3to237ea0292e9f
true,pyaes-0,false,2607011,2.6032791137695313,2614479,92b63687tod958to6050to8983to36c7ca83395d
true,image_processing-0,false,2130840,2.1273224353790283,2138597,27fc79e2to9c1bto433dto6ca0toa85c24b5cf28
true,image_processing-0,false,2146202,2.1428959369659424,2153304,840e792cto61d7to3300tob115tobb7022bdbc5e
true,cnn_image_classification-0,false,2988363,2.9850592613220215,2994837,7d6271ccto51d9to0be8to6566to6215675f35b1
true,cnn_image_classification-0,false,2822560,2.8182742595672607,2830213,d6de65e6tof00cto7c9bto9165to9f40e457d6a3
true,image_processing-0,false,2081190,2.0776584148406982,2088781,cc92ff4fto7770toffe8to9b6fto5139cc2679a6
true,image_processing-0,false,2104717,2.101327657699585,2112754,43a4889btode48tob116to1b27toa3f393ddae07
true,dd-0,false,1161051,1.1571087837219238,1168775,94512a4fto6855to9f52tob6a1to081ead6c9224
true,dd-0,false,1193226,1.189176321029663,1201342,daf45232toc4a6to7845to7f38to0452749646d4
true,image_processing-0,false,2072983,2.0695323944091797,2080810,569beff9toab4ato3f01to8a9btodd926d172042
true,cnn_image_classification-0,false,2774426,2.770390510559082,2781307,d520a611toa677tod9e9toe7b9toed483ca106ca
true,cnn_image_classification-0,false,3486763,3.482954740524292,3494712,43c01ba1to029fto4affto9b24toa83b14a698fe
true,cnn_image_classification-0,false,3235835,3.2325003147125244,3243325,1d07f2e9to5faato127ctoccecto8fe4be66086a
true,image_processing-0,false,2205544,2.202127456665039,2213129,75e4b15atoe8bbto6733to14deto90941c423900
true,cnn_image_classification-0,false,2966800,2.9622108936309814,2974345,ebaf4a32toda06to1d4atoae5cto2de45d7879e6
true,pyaes-0,false,2647142,2.643976926803589,2654411,d823a041to4c88to615dtof4b3to23a79b5dcc99
true,dd-0,false,1192268,1.188276290893555,1200568,a3bff8ffto8b28to9f17tocb82to08144004c880
true,cnn_image_classification-0,false,1262883,1.2585561275482178,1270785,a28d8ba1tobd83toe2d6toa62fto7ef0dcf4ac19
true,dd-0,false,1228735,1.225105047225952,1236064,a15317d6to81d8tob5bdto08e7tof8ac882e9195
true,dd-0,false,1259640,1.2559521198272705,1266919,39b816a8to3077to1ba1todf96toe7a6b1c64d70
true,image_processing-0,false,2160638,2.157578468322754,2169076,3f9b177ctod627toe1c8toa0b3to5b8636023018
true,pyaes-0,false,2689901,2.686415910720825,2696855,87f49aacto0fe3to310fto378etoc928b3681140
true,pyaes-0,false,2621870,2.618311643600464,2628741,df723a3fto8828to8fe1to3f47to9d40ff606abf
true,image_processing-0,false,2166499,2.163599729537964,2173474,f518bee5to02ceto728eto7168tof5a4011bd6c0
true,dd-0,false,1154873,1.1511623859405518,1161831,eea165d2to93e1tod462to97c1tod84bea004659
true,image_processing-0,false,2074341,2.0713653564453125,2081714,f5b7570cto8adfto8ed2toc994to63cb3a2dedb9
true,pyaes-0,false,2570929,2.567155599594116,2578329,5969f545to5aa0toc4f7tob20atoeb19ce331068
true,image_processing-0,false,2027918,2.0247209072113037,2035945,5b5ee9b9toed58to3233to90bfto5575c2af92f1
true,pyaes-0,false,2560780,2.5573012828826904,2568290,870d7bc0tod301toa007to3e86toc8605e7d10cf
true,dd-0,false,1111760,1.1079826354980469,1118713,920445b0to8fc9to7c65tod328todc523838201a
true,dd-0,false,1160949,1.1573259830474854,1167686,1e45407ctoeba5tof649to4aeftobc41430e5dcd
true,pyaes-0,false,2572421,2.568723201751709,2580081,d447af63toceefto9d17to0a00to2e07ec2a074c
true,dd-0,false,1154895,1.1511783599853516,1161769,b45200d7tod6dbto4a5fto359dto79acbe6295b2
true,cnn_image_classification-0,false,2912794,2.9088406562805176,2920348,ab36fab4to528cto21a5todd05to5b6c377deea4
true,image_processing-0,false,2102093,2.098714828491211,2108986,09ffe3dato0a42to86dbto22f7tof6a7ce2e094f
true,pyaes-0,false,2640665,2.6369435787200928,2648591,088174c1to96b2tofad7to6e48toa2d1a0ddd722
true,pyaes-0,false,2741508,2.7377195358276367,2748843,9104c7a6tob85atoc8a9toffb8to58ad41c01606
true,cnn_image_classification-0,false,3631913,3.6276564598083496,3639200,853813d9to11c8to73d1tod686to29fd13b8b8bc
true,cnn_image_classification-0,false,3673175,3.669098377227783,3680368,0085b322toe034to6bdetob652to67dd3569067a
true,pyaes-0,false,2794253,2.790567398071289,2801866,06e7c53etoe6f2to85e5toe5c6to4ee4134ba356
true,image_processing-0,false,2236977,2.2335500717163086,2244189,3386eddbto0ad2to0bedto7e4fto735e4516f5ba
true,cnn_image_classification-0,false,1256438,1.2520344257354736,1263544,7902e96ato2baetodab8to83bato538fa83b3990
true,pyaes-0,false,2869972,2.8668036460876465,2877262,52fa6dd0tof4dbto80e0to3eadto772a09012463
true,pyaes-0,false,2781777,2.77791428565979,2789099,5e55a279to4b01to7776to470btob930755fe3d0
true,cnn_image_classification-0,false,3516363,3.51182222366333,3522660,719f3bafto1264to245bto33deto39bb733f08d2
true,cnn_image_classification-0,false,3569189,3.565230369567871,3577100,6a385863to2fabto59aatoda92to5b3f5be56b3e
true,image_processing-0,false,2263938,2.260521650314331,2271000,729ebc35to4750to3fd8to7827toacda30bec620
true,cnn_image_classification-0,false,2182839,2.1779801845550537,2191070,ff24ff45tof205to43f2to1caftofaf18c553c6c
true,cnn_image_classification-0,false,1305139,1.300276279449463,1312352,155ed7d1to2116toc263toeb08toe3447ea2f89e
true,image_processing-0,false,2233285,2.227783203125,2240450,98401977to8eadto2185to1bd5to90733a76a4a4
true,dd-0,false,1193242,1.1896638870239258,1200452,3cd13b53to15f7to88a3to75f7to253611d64310
true,cnn_image_classification-0,false,3432256,3.429039239883423,3438709,ec5f1490toef5dto6705toeca7to84222f6d72d9
true,image_processing-0,false,2548943,2.545376777648926,2556603,c8cf74a6to55aatoa32ato60c0to208351f4aeaa
true,pyaes-0,false,3035360,3.03190279006958,3042915,79070ce9toec68to5b6atof172to900978a348c3
true,dd-0,false,1270579,1.2665197849273682,1278099,4273e87ato1086to24cato6ea6to21426e8ceaa9
true,cnn_image_classification-0,true,4550464,1.7094180583953855,5569959,ba42aa39to5e4eto0b0ctof824to0974d5c81bec
true,pyaes-0,false,3093241,3.0895729064941406,3100654,f13421f2to9fa5to5f60to5a84to62226a73648f
true,cnn_image_classification-0,false,3589618,3.5846166610717773,3597730,b9a7e6f4to6821tofa4eto6d85toe05269461737
true,cnn_image_classification-0,false,3471474,3.4670965671539307,3478885,1fe06214to652fto6859to6098to68525355af60
true,pyaes-0,false,2703457,2.7004735469818115,2709596,c89cf474to5291to1af9to925bto3c3578ca9518
true,dd-0,false,1258123,1.2549901008605957,1264564,0061f91bto224btof02ato702bto9f57bc61ba7c
true,pyaes-0,false,2826293,2.8233957290649414,2832343,081496actof79cto3c1btof7e5toa6bf382c15d8
true,dd-0,false,1221616,1.218414545059204,1227692,a4642872to7a4fto6ac3to49edto1992d967e1c5
true,dd-0,false,1279815,1.2758517265319824,1287229,d34c77f8to6164tob244toab1fto1e140279960c
true,dd-0,false,1221082,1.2170217037200928,1228691,43e2577dto15d9tob350to7bb9to95741a32f3e9
true,cnn_image_classification-0,false,3420875,3.4169209003448486,3427957,640b9f95to8345to4409tobbb7to1900f0b9cc57
true,cnn_image_classification-0,false,3169082,3.1651575565338135,3175618,e21c01b1to8899tofe79to680ato5387bd6bd921
true,dd-0,false,1196878,1.193056344985962,1204454,a73ac89atoe606to0159to7e6btocfc453ef31e6
true,cnn_image_classification-0,false,3345476,3.341066837310791,3352951,6ee991feto72e8to22dbtodc3ato73ff43082447
true,image_processing-0,false,2258814,2.2557153701782227,2265509,18f7437etoeb82tod61atoc48btode5d51f34d5c
true,pyaes-0,false,2979720,2.9760375022888184,2987196,e132f1d8tob938todffcto7121to7512eee3ce1c
true,image_processing-0,false,2492148,2.4886279106140137,2499661,058ee59eto025btoaa40to608ctoa0de4361f4ec
true,image_processing-0,false,2267205,2.2638344764709473,2274167,87ddff7bto3bdbto9790to2fcato9db668699885
true,dd-0,false,1173780,1.1700985431671145,1180812,6295ec4dtobd45todf8fto3e62toaf12639e3b8f
true,pyaes-0,false,2773622,2.7704946994781494,2780685,fbfac5e8to1abftoc8ebtobfd6to0469281b027d
true,pyaes-0,false,2761803,2.757698774337769,2769251,024eb831to86b9toa6f0tobbc8to6d8233d12e8c
true,pyaes-0,false,2824299,2.820470809936523,2832241,732429fato5fcfto0232to3e4fto3820962df876
true,dd-0,false,1312638,1.3089840412139893,1320096,fd4c6813to37c4toa269to7f43tobe7b1570a7c9
true,dd-0,false,1325528,1.3220791816711426,1332593,b0ad101ftoec75to5b93to36b8toa51a63db339b
true,dd-0,false,1257100,1.2530968189239502,1264627,a8214873to6ad3to9ef0to69cbto16da1dfc0f4f
true,image_processing-0,false,2208354,2.204920768737793,2215802,b63ea23etocc96toe196to9ee3tof5dd50afd8fb
true,pyaes-0,false,2736792,2.733196496963501,2745227,3955864fto4c83to4079toe916to5977b49fd956
true,cnn_image_classification-0,false,3392007,3.3843331336975098,3402914,73ff03ccto12d1tod0c1toc08ato2e7ef12d7f88
true,pyaes-0,false,2728179,2.7243354320526123,2735408,0b67fc70tod14fto3c92tobcacto47f6b7258e1a
true,cnn_image_classification-0,false,3073306,3.0695924758911133,3080104,5c7291d1tofa5fto8d77to448fto86db08eb71d5
true,image_processing-0,false,2212394,2.208929538726806,2219928,37e85d43toeaa4to2197to0b1dto5742be7f5364
true,dd-0,false,1154508,1.1505253314971924,1161603,1857344dto0ce0to17eetobeb2to2f2477ae759d
true,image_processing-0,false,2112971,2.1098480224609375,2119757,7fd1d9d7to6578toad8btocf4bto84a8944295d1
true,image_processing-0,false,2359616,2.3562426567077637,2367214,2be5161eto5b96to2cc1to653cto81d448e0547c
true,pyaes-0,false,2655689,2.6520814895629883,2662973,d374963eto99c7to0577to7291to9442fa4bed11
true,cnn_image_classification-0,false,3620105,3.6165013313293457,3627036,5e2ae1dbto0bdetoce10to2babtoc11085c0a27e
true,dd-0,false,1190701,1.1868531703948977,1198068,b2900898to631btof15dto851etof8034715d65d
true,pyaes-0,false,2668545,2.6649467945098877,2676020,1cc6b0adto233ctobd77to1509toe6871c8b6e3d
true,cnn_image_classification-0,false,3568134,3.564087390899658,3575236,7e385398to8c75to6265to7995to9c48b33a4ee8
true,image_processing-0,false,2152383,2.1489908695220947,2159229,dd4ed85etof7actoacbato0453toda0919868eab
true,dd-0,false,1172159,1.1686601638793943,1180112,5938e040to21e8toe638toc035to3721372b5a9c
true,image_processing-0,false,2180038,2.1765596866607666,2187895,a8ec695ctobbb0to58bcto9963to81bbbd836683
true,cnn_image_classification-0,false,3530705,3.5266573429107666,3539120,a8ecde61tof426tof78ftoc4ecto7ccb7a6b9d44
true,cnn_image_classification-0,false,3286167,3.2820184230804443,3292557,9dd93aa1to55aato6c1dto86aeto3c25e01e45c2
true,image_processing-0,false,2186554,2.183359146118164,2194005,07d61304to79b3to1220to777fto5b89e1dbc7a2
true,pyaes-0,false,2730876,2.7276132106781006,2737607,dc4b0fbato98ectoe13ato0322to7749fc9293c9
true,pyaes-0,false,2744762,2.7412240505218506,2751534,797d3632tocad4tode9fto5509to502e182e1e71
true,image_processing-0,false,2310647,2.3075106143951416,2317903,807aeaedto800dtofe83to1d1dto69e5c4de4c8d
true,image_processing-0,false,2290284,2.2870137691497803,2297419,3a9142d3tocf70to6340to74a4to7fc47b131e06
true,image_processing-0,false,2394825,2.391406297683716,2402005,24b2fbfdto3711to2b38tod92atof238e5dd491a
true,image_processing-0,false,2333242,2.3298065662384033,2340649,bab77c2cto39e9to640ato56actoaa85e26b09a3
true,cnn_image_classification-0,false,1276912,1.2726099491119385,1284281,d857a3aeto9cf7toaa06toe555to7424845db833
true,image_processing-0,false,2250698,2.247668743133545,2257224,e8be1e5btode59toc80eto8907toc668b901dd08
true,image_processing-0,false,2154846,2.151505708694458,2162739,11e356c2tod004to9056to4e9atoc2964af1f25a
true,image_processing-0,true,2389205,2.2158656120300293,3288736,55bba743tofcbbtof0b0toa863to71b0673c5091
true,pyaes-0,false,2636882,2.6331868171691895,2644265,4d554c04tobd9dto27dato75a0toc4583008d5f5
true,image_processing-0,false,2090413,2.0872600078582764,2097647,b7b4c016to7f4dto5676to05datod2ebc3237cd0
true,image_processing-0,false,2184999,2.181701183319092,2191854,24fe0e2bto6e99to2283to4555toed49b7d2555a
true,cnn_image_classification-0,false,1135851,1.132129430770874,1143493,c5cd8ac7toe20fto7ef5toc59cto159e591d9c10
true,dd-0,false,1098932,1.0939600467681885,1104252,dca1a71ftoa7a7to2878toe13btob79c5922ed3f
true,cnn_image_classification-0,false,3351717,3.346653938293457,3358980,2944fedcto2bffto484ato0c20to4bc8f1df8c22
true,cnn_image_classification-0,false,3458594,3.4546399116516113,3466156,9466d884to8fa1tod913to8728to640a6f3ef809
true,pyaes-0,false,2543537,2.539763927459717,2551091,13772910to6decto5101to295atoc7ec0a2bb3ba
true,image_processing-0,false,2051862,2.0485048294067383,2060000,2147f90fto32eatof375to6f63to6e3aa838e085
true,image_processing-0,false,2128465,2.124920129776001,2136236,b468ef5atoa8b2tobddbto24b9to1a880d8e20e5
true,dd-0,false,1139778,1.1360063552856443,1147338,24ad3498to15adto4ccetobf3dto8da449a89bd6
true,image_processing-0,false,2119505,2.116060972213745,2127148,1e32b6datod520tofb2eto9d68toaf27d44442f5
true,image_processing-0,false,2176092,2.17262864112854,2184232,7276d553to4212tod167tod42bto623d0d134fae
true,image_processing-0,false,2196501,2.193284511566162,2204188,bc414e62to19b9tof616to5fecto07f9727ea528
true,dd-0,false,1201735,1.1985573768615725,1208375,aafc1158to851ato279bto8eb4tobe3d72229260
true,dd-0,false,1192089,1.188225030899048,1199686,80612ce9to8758to9e3ato3df1toe0a6745d563d
true,image_processing-0,false,2120871,2.1176464557647705,2128115,e833c741to1fc5toae21to5fe5tod116f94c228d
true,pyaes-0,false,2580474,2.5770668983459473,2588221,3a0cc53btoc818todf2dto565btobc6774343f96
true,cnn_image_classification-0,false,3662599,3.659001111984253,3670118,adb9c3ebto7278to49fatoc73ato0facafd57eab
true,dd-0,false,1179807,1.1761198043823242,1187213,f4b32600to2e06to455bto494btoc8be0d918a00
true,pyaes-0,false,2593035,2.5892887115478516,2600387,8f27c9dbto6cc5to1f81to8cb4to5d4a2ee5717c
true,dd-0,false,1193625,1.189785718917847,1200879,514ba1abto1f6bto009bto7addto12c5ebbdfd06
true,image_processing-0,false,2105676,2.1026620864868164,2113548,546c206ftodf05to662eto824dtoa4378ca3576f
true,image_processing-0,false,2150006,2.1466829776763916,2157776,4fce3015to0cf9toa768to4929to247c067e39ab
true,cnn_image_classification-0,false,3359914,3.3562183380126953,3366966,a78f305etocf7dtoeb5bto05b6to8ef6bbcc474e
true,pyaes-0,false,2601805,2.598101854324341,2609423,3f93a174to050bto5ea4to1593tod0d5854da2c1
true,dd-0,false,1223429,1.2196648120880127,1230556,66b1b99etoa6a5to19e9to59acto5207a56ff37f
true,dd-0,false,1193584,1.1897594928741455,1201749,8eaa886ftoc5f1to7cdetoa8c2to246a1fa11364
true,image_processing-0,false,2213248,2.209930419921875,2220418,b36a9ca5to44aeto02fftoc140tocc7cfa6ea486
true,pyaes-0,false,2608471,2.604926347732544,2615542,0d54a52fto9bc9tod75eto9e28to1aba19d97667
true,dd-0,false,1187959,1.1839454174041748,1195519,fad069a8to88afto1867to1b26to5243ed9ad060
true,pyaes-0,false,2673272,2.669673442840576,2680715,e25f706dto62cato8cfato30c9toc8e294cf6ee2
true,image_processing-0,false,2195157,2.191951274871826,2202135,7831ed9ftod3e1to6e0dto5b31to4168f1f7f01e
true,dd-0,false,1222143,1.2181930541992188,1229924,4fe82b49to7ec3toad07to6b02to1fa343481ac9
true,image_processing-0,false,2181249,2.1778242588043213,2188738,8738e5deto1033tod345to7814to7e5319a427f7
true,dd-0,false,1177276,1.173675298690796,1184263,0976d48ctobc66to0aa7to1482to9d6d657c8a1f
true,pyaes-0,false,2524791,2.5211689472198486,2531942,dee09d0ctod733toabe9to4a53to6cf35cff8bf4
true,pyaes-0,false,2606352,2.602622985839844,2613714,9085dbbetod6ebtoad07to1882to1fd2f033e87b
true,cnn_image_classification-0,false,3674761,3.670908927917481,3680901,13d70d02tod5e3toe5cdtoe138tod45eaef5836c
true,dd-0,false,1191507,1.1879322528839111,1198747,077d5a57to34e0to7d2ftofd2atofad21942d782
true,image_processing-0,false,2086639,2.083678960800171,2093239,b46651b3toad5fto430bto3faeto6edd0b0d17fe
true,image_processing-0,false,2191817,2.1886074542999268,2198767,1018f704to8c24to234dto39cdto259e7a09f77a
true,dd-0,false,1110208,1.106424331665039,1117908,ddcbf3a8to7be7to3c0dto342ato95c8558bd232
true,pyaes-0,false,2609000,2.605245590209961,2616963,fc7c6163to26c6tofdceto2f99tofaa1d8164458
true,dd-0,false,1163483,1.1596345901489258,1171666,897104ecto749etocf14toad5dto84f049f72bda
true,cnn_image_classification-0,false,3663608,3.65990948677063,3670468,e551773atofe70toe01ctoea04to84b37eb44cb0
true,cnn_image_classification-0,false,1259960,1.2564589977264404,1267239,5ad76179toda34toc665toc1a4tob41c10f10d30
true,image_processing-0,false,2162091,2.1588313579559326,2168900,3f93c9ecto9825to74c5to4930to4ae1b31ed89a
true,dd-0,false,1133570,1.1301259994506836,1140553,b07db8ccto6c89toc759tob91ato5d0551355c21
true,image_processing-0,false,2073098,2.070044755935669,2080609,e8e61556toef66toffa7to4943to6fc94397d272
true,cnn_image_classification-0,false,3258793,3.2546675205230713,3266416,db1c0a99toe055to07e9to66f1to8ab4041d2f64
true,cnn_image_classification-0,false,3730296,3.7264788150787354,3737720,f8d105c5to5d2atof4b4to2008toa4139bd8d903
true,image_processing-0,false,2125720,2.1222574710845947,2133683,2feeeb43tob4aatoaf9dto6684tobcf4dc3d909c
true,cnn_image_classification-0,false,1374757,1.370978832244873,1382821,4c51725btof270tof826tobdedto00bb0ef730c0
true,cnn_image_classification-0,false,3315763,3.3116800785064697,3323162,42e3db0bto48dftocb59tob602to473805aabc01
true,pyaes-0,false,2586626,2.583333969116211,2594292,fac9cd6fto077etoe2e9tob154to47aed8462293
true,image_processing-0,false,2066864,2.0637664794921875,2074133,98476ae1tofe58tob19cto6821tob0aee74edf03
true,dd-0,false,1116718,1.1130716800689695,1123589,cb1970b6to9e8bto266bto770bto9edeac233d2a
true,image_processing-0,false,2371220,2.3680639266967773,2378812,e2f33af8to83b5to27datoc1d1toeb5702303f38
true,pyaes-0,false,2601973,2.5982160568237305,2609905,995942b5to417ftof685toa375tof6a0d311c083
true,dd-0,false,1141753,1.1378135681152344,1148995,b09ed2actoedc8toa5e6tod00bto4a0915bf6103
true,dd-0,false,1183185,1.17937970161438,1190355,2046fb4atob385to56d7to8ef1toebe54d3ef12e
true,pyaes-0,false,2598827,2.5957658290863037,2605279,2e3180abto4909to46bdto0572to1772ddd6c9ed
true,cnn_image_classification-0,false,3372205,3.368447780609131,3379747,da571ccatoc80ato47cetoaf8bto9fe30f67a97c
true,cnn_image_classification-0,false,3442168,3.4379868507385254,3449666,15ddf812to0cb5to6e53tocedctoc08216e7c68f
true,cnn_image_classification-0,false,3939156,3.9346635341644287,3946604,7ccd4540to2b3ftobef7to5d82toc02c8de2289e
true,pyaes-0,false,2622166,2.6185007095336914,2629884,d9167fc3toed0etoc9beto1fa5to8639e17f52b2
true,dd-0,false,1128983,1.1250619888305664,1136222,dd4eb7a1to02ccto0518to2bd4to5176e9a2fc7c
true,dd-0,false,1174790,1.171151876449585,1181326,3ad6d849tocc53to0c43to9063to0604b16abec7
true,cnn_image_classification-0,false,3502423,3.498394012451172,3509964,5b7ba608tod6dfto22bfto02f2to33776ac52b0e
true,image_processing-0,false,2137526,2.134028196334839,2144229,904a0f52to649ftoe314to27dato36260028b2a0
true,image_processing-0,false,2233995,2.23057222366333,2241308,ff0c2393toaa83to0cc0to9534toe0568dde9798
true,pyaes-0,false,2641540,2.637960910797119,2649014,3c7581e7to290eto2aa9to32d7to9840e6f9b036
true,cnn_image_classification-0,false,1490236,1.486250638961792,1497518,c585a9f7to3cbfto4294to819btoaba819cd4fdc
true,image_processing-0,false,2219085,2.215697765350342,2226429,cd9663c7toceceto6888to4e4cto7b6aaf605a0b
true,cnn_image_classification-0,false,3266041,3.262104034423828,3273340,31adc877to2561toa4c0to1ca4to92c8ed4d3ee3
true,pyaes-0,false,2658070,2.654876232147217,2665805,56f1e70eto4139to3898to0eb7to9e982a754235
true,pyaes-0,false,2608012,2.604717493057251,2615258,88821f40to6b2dtoa694to405dtoe5ae370c6dff
true,image_processing-0,false,2199508,2.196354627609253,2206116,58256196to0af3toc1bdto482cto9408c5738a3b
true,dd-0,false,1190322,1.1865239143371582,1198113,9364c553toa217toa300to95f6to0748f615082f
true,pyaes-0,false,2602596,2.598830461502075,2610190,e3832e25to86deto2231tod103to8efa7454eb56
true,image_processing-0,false,2044841,2.0416219234466553,2051826,8b488c03to1cf0to9b4cto8693to28440aeb34b7
true,image_processing-0,false,2098994,2.095814943313598,2107028,19719e8bto364fto6e38to3366to9d92bdf2778a
true,dd-0,false,1118937,1.1153552532196045,1125774,743b5b5bto46bbtocdefto856cto13de27e2ce10
true,pyaes-0,false,2566852,2.5636303424835205,2574207,1dd71d27tobb0btoeb11tob578to44354a69e7ed
true,pyaes-0,false,2552758,2.5495269298553467,2560663,b41e1680to720cto057dtoa976to50c0043e8168
true,pyaes-0,false,2597229,2.594036102294922,2603705,35add6fcto8655toe66ato3458to1edd1e3b2575
true,cnn_image_classification-0,false,3355140,3.35066819190979,3362529,ffbc7a54to52fdtoe7b8to80e3to38a12ff19d5d
true,image_processing-0,false,2156309,2.15322208404541,2163204,c508243eto7d25toff3eto6d2ctobcc718d0ab57
true,pyaes-0,false,2653642,2.6499345302581787,2660421,dd44edc9to4065to6583toad73tod09d8b80a2bc
true,dd-0,false,1260633,1.2568471431732178,1267412,86267c4dtod562toa703to7472toab822850c6f1
true,cnn_image_classification-0,false,3554871,3.550875425338745,3561733,f6f839fbto1affto51dftob049tob730ea57af6c
true,image_processing-0,false,2184921,2.1815013885498047,2192425,55889eceto77efto98a0tob413to65106c90238c
true,pyaes-0,false,2634589,2.630979061126709,2642017,2321ae48to55b8to4249tod1abto58daba4cd1da
true,dd-0,false,1188942,1.185279369354248,1196071,9be4da46to05a5to6b16to698btodf2e91e9194c
true,dd-0,false,1189839,1.185985803604126,1197195,9bfb01a3to2a1bto9a63to1599to821e0d35ea7a
true,dd-0,false,1152708,1.1488733291625977,1160258,fabd1a82tobb8dto2921to4c6btoe1e496763cf7
true,image_processing-0,false,2168658,2.165614128112793,2176463,4adcfb6ato8ad2to9d9fto512ftoabb0b025ad2b
true,cnn_image_classification-0,false,4071756,4.066256284713745,4079743,be7df394to1801to9dc3to9a9eto5e23de51177b
true,image_processing-0,false,2181289,2.1778881549835205,2188876,cc70e1e4to66deto42b1to601atod83063ca447b
true,dd-0,false,1134166,1.1303441524505615,1141698,c307031etof5f2toab9cto353ato6ad5d90c8a1c
true,pyaes-0,false,2572269,2.568834066390991,2579654,78340480toe469toebb4to765ato576923886cae
true,image_processing-0,false,2135141,2.1316826343536377,2142869,38536b12to62b9to80a0to65e3to7a39533bc399
true,image_processing-0,false,2054666,2.0516915321350098,2061431,063fdabdto2ce9to0eedtoa198tof7110ee77b12
true,cnn_image_classification-0,false,3309499,3.3057315349578857,3317006,5d3de369toeebdtod374tob066toc1c35c190e5f
true,pyaes-0,false,2548017,2.544302463531494,2555448,235731e2to35eftof42dto9810to9e99ba73aec7
true,image_processing-0,false,2053076,2.049871921539306,2060222,daed228bto1d7ctof414tof21bto810ca32a64a3
true,cnn_image_classification-0,false,3761636,3.7578303813934326,3769352,de48561dtocefetoeb4dto8163to360e241d6de7
true,dd-0,false,1147514,1.1435515880584717,1155075,51c5c2d4to8e0ato7b57to0da8toc973411ccc23
true,cnn_image_classification-0,false,3537017,3.5332722663879395,3544153,d849b712toaa93to09d2tobcb4toef9fdf695478
true,dd-0,false,1182346,1.1785011291503906,1189762,491f6f59tocbdbto8524tob3f9to791704efe127
true,pyaes-0,false,2665897,2.662633895874023,2673219,8b0387datoa7a3toa845to80feto40fd15b674cc
true,image_processing-0,false,2197808,2.194296598434448,2205375,1cdcd8b1to8d65to05c1to37c5tofb29e57ed44c
true,cnn_image_classification-0,false,4650549,4.646735906600952,4658184,a41aebd9to679atob420to818dto512698002855
true,pyaes-0,false,2657016,2.6540215015411377,2663978,25916e59tofa75tof105tof7cdtoba9233f19881
true,cnn_image_classification-0,false,3872206,3.8681063652038574,3879646,a930ba51tob2a7to1f35tob101toc8b3a43ba87d
true,image_processing-0,false,2149906,2.1464571952819824,2157388,7735d42ftob694to0e5eto8865toaf8c980377ba
true,dd-0,false,1202646,1.198730230331421,1208945,f11102a2to2692to0a44to376ato496b031e770b
true,cnn_image_classification-0,false,1551223,1.5468251705169678,1558436,265e9c79to23bcto8b25to4a3cto70ab3c0fbf93
true,image_processing-0,false,2185306,2.181514024734497,2193111,20f8a886toc305to01b5toc1f5toe05e6dbd39b9
true,dd-0,false,1189756,1.1858582496643066,1197338,c4bd0087toe823to624bto2ecbtob65ea2052d90
true,pyaes-0,false,2750275,2.746746063232422,2757933,de388183to34d4to6292to83e4toaccb297e46e3
true,cnn_image_classification-0,false,3618616,3.614303588867187,3626042,76604b20to7273to34catobcdeto87bf80054a25
true,image_processing-0,false,2222364,2.2188830375671387,2229805,f17bb2e5to2226to8ebcto26c7to2cb98b14de97
true,dd-0,false,1246351,1.2423288822174072,1253887,f50fee01to15dcto6615toa794to1b08e32b62c3
true,cnn_image_classification-0,false,1993911,1.990046501159668,2002494,403ab3fbto0a8ato594etoc10fto3ff1043673e2
true,image_processing-0,false,2210660,2.207514524459839,2218558,91b2f119toe37dtofd55to5110to81874c911113
true,pyaes-0,false,2730609,2.72694993019104,2737973,5ad5f15dto31acto8ecato55ebtob73210a05dde
true,cnn_image_classification-0,false,1738322,1.7345302104949951,1745054,b02d35a4toaf62to15a0tod223to44d4aa103be4
true,pyaes-0,false,2749086,2.7452731132507324,2756084,d72d4d58tod244to46e5to7b8dto1d62e1e13196
true,dd-0,false,1261591,1.2576844692230225,1268411,5889e001to05f4to027ato5e80to2270dfdac018
true,image_processing-0,false,2262011,2.259124279022217,2269814,30e0215cto61d8to38f5to1cb2to083485ff510e
true,cnn_image_classification-0,false,3904307,3.9010300636291504,3910786,4ef4f00bto6da8tocfabto6485tocd696d1e78ff
true,dd-0,false,1264749,1.2598464488983154,1271739,9f5d80feto9fe9to723dtoda0eto8c9369f2ae37
true,pyaes-0,false,2629528,2.62572717666626,2637229,e6e53bd9to0823to37eeto680btof426170dc8cb
true,pyaes-0,false,2641909,2.6381959915161133,2648939,d5cc13ffto8aeatoca6etof7c6to936cadfb35c3
true,cnn_image_classification-0,false,3489344,3.485854148864746,3496910,4d12b1f7to9bebtobbd8tof937to531e37e08f2f
true,dd-0,false,1102123,1.0984492301940918,1109993,07e5ee77to2971to56f1to29b7toec1eae4e6462
true,image_processing-0,false,2137718,2.134371042251587,2145302,0d9139edto848btod5cdto153ctof9426e6cb326
true,image_processing-0,false,2135180,2.131791114807129,2142610,2d3d2411todcc7to6b0dtoc18eto68af2f23c181
true,pyaes-0,false,2543459,2.5397980213165283,2551365,3327f3d8to1703toc47ato479atoffdbef094dbb
true,pyaes-0,false,2551854,2.5483264923095703,2559161,4b22f47dto4bc2toae28to49deto3916865ddb48
true,cnn_image_classification-0,false,3237627,3.232675552368164,3245431,024dbcb5to0370tob89bto65e8to5e3654ed4f5b
true,image_processing-0,false,2154867,2.1516432762145996,2162340,a2c901a9tobe8dto899etoa1cdto49439a082680
true,dd-0,false,1136895,1.1328723430633545,1144243,a96b8861to78dfto3f00to01a1tob8e743011c68
true,pyaes-0,false,2560386,2.557089328765869,2568493,25836e80toe58eto71fato71dato1813146058a5
true,dd-0,false,1145713,1.142063856124878,1152903,123ac25dtob0d3to1e32to4067tod355111bea56
true,pyaes-0,false,2551382,2.548228025436402,2558319,c4deee90toc681todb25tob181tode1615e0ee55
true,pyaes-0,false,2582726,2.5792484283447266,2589091,08255c5dto4faato78b9to6867tobbc6f7308318
true,cnn_image_classification-0,false,3549311,3.54529333114624,3557328,6fe7421fto9a64tod71cto4274tocc85725fdc91
true,image_processing-0,false,2139876,2.136378049850464,2147162,0a755cebtob208tofa4atob425to943ff412223e
true,cnn_image_classification-0,false,3831484,3.827833414077759,3838545,e74f57e1to650etoc7f9tob8c5tofe16c3392244
true,cnn_image_classification-0,false,3805562,3.8017053604125977,3812408,6e801219to8c9dto7360tof2e0to77c2b77db7e9
true,pyaes-0,false,2607790,2.6040172576904297,2615416,c13faabcto9508tod712to266cto5c92efee4422
true,cnn_image_classification-0,false,4217438,4.21347975730896,4224552,778e1ef2to03c1to3328to05c2to4030abd40eed
true,image_processing-0,false,2195239,2.1919162273406982,2202072,b25b7b6eto5ca6to42ceto7c32to4bd568eb4492
true,image_processing-0,false,2206399,2.2028908729553223,2213318,9c55595dtod324tocf0ctoa25ftoa8a68ec572cd
true,pyaes-0,false,2590874,2.587651014328003,2598292,b9fb62f5to1318to7ec7tocdb7to8588ffd9c2a0
true,image_processing-0,false,2211307,2.2078216075897217,2218862,b7171920toee80to4106toac1etobb01c09c12a7
true,dd-0,false,1164130,1.1606125831604004,1170426,a38d5ad6to1f18to29ebto0aa3toe8b75299d8b0
true,pyaes-0,false,2623420,2.620237112045288,2631309,196c4808to968dtod19bto1895to0b9333560d9c
true,dd-0,false,1143248,1.1401946544647217,1165139,9317bc05to3e82toa3e4toec37to28367289a41b
true,image_processing-0,false,2238276,2.235194206237793,2245754,6149a287to2482to5c39tof030to772287c09bf7
true,cnn_image_classification-0,false,3872017,3.868323802947998,3880041,47d5b88eto22fbtofc1ato1aa0to457b7bd062a2
true,cnn_image_classification-0,false,1702714,1.6987524032592771,1710268,5f769f91to70fbto12d1toc329tof85cf3d07695
true,image_processing-0,false,2156153,2.1525752544403076,2164103,7500eedato8430tocd19to0cb8to2f5f06459f32
true,pyaes-0,false,2670548,2.6670150756835938,2678171,e68e793eto77e2toc172tod8b6to8aec1a1a59ff
true,pyaes-0,false,2760840,2.7571864128112793,2767871,b0ac0c01to9120toa8a9to9dbdtoc37e452ff877
true,dd-0,false,1218146,1.214515209197998,1225010,da56bfe9to2638to6405to00bfto084df18620ad
true,pyaes-0,false,2769479,2.7658262252807617,2776930,707dd422to5ca3toe060to19c1tob39ed3c8c7c6
true,pyaes-0,false,2684660,2.6815104484558105,2691561,7a48721fto279cto5661to2d3cto75e488ae6fac
true,cnn_image_classification-0,false,4012644,4.008406162261963,4020369,9f0e7b4dto81e6to0beeto826fto3642f66b5e24
true,pyaes-0,false,2707936,2.7044448852539063,2715467,90f366f7to3678to8c6dto6bacto58e6f746786b
true,cnn_image_classification-0,false,4633458,4.630189895629883,4640859,f2c1c043tocb70toa6d2to68datoe26c1dd15fcb
true,dd-0,false,1203557,1.1994404792785645,1211377,60c14944toa5a7to8993todc6btofe78396ebd25
true,dd-0,false,1313740,1.3099157810211182,1320904,f76bd1a2to23fctod2b8toc738to0f172d843651
true,dd-0,false,1277225,1.2732391357421875,1284475,8d8ba531toc925to9b2atof611to91eb97cf54c8
true,dd-0,false,1263251,1.2596628665924072,1270512,58cffab6toe9cftoc566to63eato75c00a9c29af
true,image_processing-0,false,2174723,2.1709320545196533,2182534,c6f65b8bto0c58tocfb7tofe04to911e60281961
true,cnn_image_classification-0,false,1736255,1.7319068908691406,1743150,32a960edto6794to3f1ftoa03etob7557d68a0a0
true,dd-0,false,1188503,1.184424877166748,1195517,1674b57ftodc09to6ef5to03c0to698a05bcbaf0
true,dd-0,false,1251664,1.2480299472808838,1259100,9a2f03e3to1f6atob961to95fdtoe1bb65e94682
true,dd-0,false,1229198,1.2259557247161863,1236314,63f8ecfbtoc852to9c95tof787to9375e77da098
true,cnn_image_classification-0,false,3820418,3.816611051559448,3827587,69bec889toaf81to7f2bto9bedto68bf9cc7a46c
true,image_processing-0,false,2223313,2.220080852508545,2230655,e780d95eto10fato54c4toc10btoba0f7deb3f2a
true,dd-0,false,1219850,1.2160780429840088,1227134,6815479dtoba4ato8952to05catoca377caeae0e
true,dd-0,false,1218512,1.2145812511444092,1225994,b3af3821toe173to2ad7to4352toa393a4539586
true,pyaes-0,false,2560761,2.5570547580718994,2568255,340201b5toe622to9f30tofa05to882a2376c4ad
true,pyaes-0,false,2575711,2.57199764251709,2583269,f5b61d45tofba7to519cto1dcbto572ba9bb7ba8
true,image_processing-0,false,2201511,2.1981353759765625,2209108,7dbfe9feto508dto5bdbto26a2to2f02154a9f4f
true,dd-0,false,1140696,1.136866569519043,1148486,ca520742to0687to08feto4e22to8ade62fa9754
true,image_processing-0,false,2100550,2.0974392890930176,2108271,6c3bc44dto36d1toe2eeto7f65to0dd826c97245
true,pyaes-0,false,2625236,2.6214966773986816,2632247,57fed0aato3246toc573tocbb4toa1eb5211e45e
true,dd-0,false,1166232,1.1624269485473633,1173739,1f64c1ecto4e2btod2b1todff9to2c5543aba64f
true,image_processing-0,false,2141415,2.1379833221435547,2148941,c8968e4btof8b7to20b9to6fa8toe449248d070f
true,dd-0,false,1217815,1.213944911956787,1225266,4c1ec0fbtodf21to1e47tof37eto81152e7674b1
true,pyaes-0,false,2646544,2.6431760787963867,2654354,8a4e3d0bto6540to507ato6319tobaf75cb3f118
true,cnn_image_classification-0,false,4393571,4.389441967010498,4400185,1c69a63fto32ccto936fto76fato3e9df4b8b789
true,cnn_image_classification-0,false,3956098,3.9521539211273193,3963658,78a9e1f4to3ddftoe3fftod308toac821e4a72fb
true,dd-0,false,1149268,1.14595627784729,1156408,a46cff86to046cto91e3tof85atofbcdaf213075
true,cnn_image_classification-0,false,3981400,3.977323055267334,3988975,dbfd2fc1to601eto6d52to4718tod1e77dae5422
true,dd-0,false,1080762,1.077040195465088,1087685,374e9170tocf7ato3fa5to6fdftoc720fe66086a
true,image_processing-0,false,2118790,2.115445613861084,2126591,83f892bbtocc60tof05dtoa345to45cf4759218a
true,cnn_image_classification-0,false,2009440,2.0042569637298584,2017001,255f501ftoe6fato9b80tob0a6tod39432684898
true,image_processing-0,false,2226627,2.2231900691986084,2234623,2899d052tof1b8to305btob256to91e78361f250
true,pyaes-0,false,2671240,2.667742967605591,2678070,a033bef5todb8fto8b9dtof95eto6899b76cc38d
true,image_processing-0,false,2266305,2.2631208896636963,2273465,cf7d4a18to9c2ctoda2ato366bto9b0f2992f391
true,dd-0,false,1228985,1.22511887550354,1236629,4a5cb565to1d3dto6b15to6f80toc62d3ad70b7a
true,pyaes-0,false,2695067,2.691298723220825,2702763,af38e974to8807to473eto0040todd88308ed7bc
true,image_processing-0,false,2233442,2.2301347255706787,2240596,8a666389to1b59to3e72to6697to1c8ef5336fda
true,dd-0,false,1195119,1.191362380981445,1202079,4440c589to9bd9tod173to1c98to75cdada9c70b
true,image_processing-0,false,2152452,2.1491122245788574,2159929,d6bd414atoe281to0b79toe1adto9f11475c31c3
true,dd-0,false,1200145,1.1961703300476074,1207519,0c2cc26bto6977to3f07to7cadtoc2695f749a0c
true,cnn_image_classification-0,false,4221892,4.217677116394043,4228786,ef8c77d7to7904to7c16tod1dfto1b3962765a28
true,dd-0,false,1176233,1.1723947525024414,1184114,9f16737fto8737toef5btoe683to2472f98d2d87
true,dd-0,false,1171913,1.1679632663726809,1179400,d89b2475to99a2to3bf3tof5fato16cb3a20cc42
true,cnn_image_classification-0,false,4690310,4.68639612197876,4696979,5da9969fto649ctof70dto9936to997d939235a0
true,dd-0,false,1192305,1.1884055137634275,1199909,047d3e16tod5f6to729ftob2d9to8f949077402e
true,cnn_image_classification-0,false,1789278,1.7855195999145508,1796761,b9097794to227ftof6d1todaa8to50166b934ebb
true,cnn_image_classification-0,false,3956035,3.95207953453064,3963582,016ded87toa597tod92ftod004to0a9d85df979f
true,image_processing-0,false,2095271,2.091956377029419,2102530,617403e7tof98ato9918tof3batof7ce4ddf57bb
true,dd-0,false,1137922,1.1339144706726074,1145525,ac0d8f2ctoc4b1to9612to885dto569c335c6012
true,image_processing-0,false,2271257,2.2677111625671387,2278789,cfdd1c18tod2a1to6a64to1b38tob9bb0ad72f72
true,dd-0,false,1231424,1.2275266647338867,1238998,49848cb0to3a6ctodb94toa93fto904d20b0d2db
true,image_processing-0,false,2285827,2.2820260524749756,2293985,cfacf7e3to36b9toceb4toe422to354842e1eab5
true,dd-0,false,1208745,1.2048187255859375,1216230,fa035d33tobedeto807ato7d3fto458a47639278
true,cnn_image_classification-0,false,2186607,2.182650089263916,2194085,4222e664to9b47to2781to5cd9to9984cd536b15
true,image_processing-0,false,2334254,2.331268072128296,2340692,6a7a3612to44bdtobaacto182ctode81ba96de27
true,dd-0,false,1281150,1.277293682098389,1288481,47d2e047to387dtoc2b8to2d57to5db61c6c319c
true,pyaes-0,false,2844308,2.840414762496948,2851986,d1ac0f18to02c2to9252todb79to37debcf94470
true,cnn_image_classification-0,false,4262639,4.258374929428101,4269736,76dfcf42toa519to9b79to82a5to4334b6908f0a
true,pyaes-0,false,2873481,2.869529485702514,2881029,d9fe7961to3708to295ato9abdtodef1419100d8
true,image_processing-0,false,2332466,2.328680515289306,2340055,f8729bf1to71a5toff73tob1c7tof73bec2a15f5
true,image_processing-0,false,2286336,2.2830517292022705,2294045,32014186tof246toa5ffto4e79toea3c1870ba60
true,cnn_image_classification-0,false,2195493,2.191434383392334,2203122,4e7a1ab4to572ato3244to0eadto8dd3be7ea554
true,dd-0,false,1269419,1.2654139995574951,1276771,a82955d2to4fdftoa0f2to2af5tobcf69c046c14
true,pyaes-0,false,2790293,2.786665916442871,2797718,91c7d33eto9410toc59eto13fcto75fafa640dd9
true,image_processing-0,false,2305491,2.301893472671509,2313198,c8cdfff9to6d41to64fdto8efcto8d11b444e5ab
true,image_processing-0,false,2339396,2.3358845710754395,2346791,733241afto95bbto3e43toe961to8f64810352e1
true,dd-0,false,1236181,1.2324278354644775,1243922,8a3571f4to4c1eto3279toc842to4d73bc569b64
true,dd-0,false,1242663,1.2387075424194336,1250145,e561a2f0to03fato81dbtoe955toc1e5276d4a5f
true,image_processing-0,false,2225319,2.221978187561035,2233058,e14bd131to6c71tob50cto9a9ato8b63df8321c3
true,cnn_image_classification-0,false,4006066,4.0021045207977295,4012967,3ea4e8f8to7572to24b3tofc96to59297d36d7fa
true,dd-0,false,1232378,1.2289330959320068,1239864,98901874to5ae2tocab6toda76to55881963d49d
true,cnn_image_classification-0,false,2049434,2.0459909439086914,2056787,5498bb03to634atoc86fto4f89to2ccfaa298882
true,image_processing-0,false,2174835,2.1714255809783936,2181909,a227ef06to05d9toa13btodc6fto03cbef059b97
true,image_processing-0,false,2166511,2.163137197494507,2173792,08055ee3to915dto49e8to389etod30d279f500b
true,dd-0,false,1230373,1.2263953685760498,1237453,96bc4f67to0467toab59toa587to5d50281cf323
true,pyaes-0,false,2594606,2.5909671783447266,2602483,53bfa4a2to977fto87d5tof0d3to90a58d721e92
true,dd-0,false,1155754,1.1525616645812988,1163110,5d987adbtof6d6tofefbto97b5toe860a011ce34
true,dd-0,false,1130705,1.1268668174743652,1138119,fd7a7556to2972toa6c9to4e85tof7696fa72d19
true,image_processing-0,false,2092383,2.0890958309173584,2100311,d27444c3to5faeto35ceto65c4to1ed86ebeb7f3
true,cnn_image_classification-0,false,3906282,3.9024875164031982,3913678,b6ad5ab5tob628tofbc2tofd6cto275fa36af49a
true,image_processing-0,false,2108896,2.1054935455322266,2115891,8c7872b5to0b6bto4de6to7077to215f2c2497f6
true,pyaes-0,false,2601864,2.598188877105713,2609046,8707ec11to3200to557dto4e2atobe7a8b00f502
true,pyaes-0,false,2662784,2.65911865234375,2670329,413d6534tobb2btob573toac4dto0e73e3654503
true,image_processing-0,false,2085186,2.081674098968506,2092743,cdc504c7to7eeatoda93to88adto409f9b87d5b0
true,dd-0,false,1245484,1.241509199142456,1252817,07cc253eto13a7to4e2fto793etoa56d39f2ad96
true,pyaes-0,false,2608941,2.6051363945007324,2616337,2dac8e84to6d03to7bf9tof236to0d9e32f0082d
true,image_processing-0,false,2198564,2.195193290710449,2206222,4262affato9bd1to805cto1166to49e62a97648f
true,dd-0,false,1222609,1.2189970016479492,1229520,380c8f82tob4d7to7cd4to196eto35b98d49ada5
true,dd-0,false,1189229,1.1856975555419922,1196567,fe502484to1999to2449todac6to1f7954fb1d4f
true,dd-0,false,1166922,1.1628897190093994,1174063,970cd3e2to03dbto2830to8cedtob761b4ac6cf8
true,cnn_image_classification-0,false,3885956,3.88210654258728,3893327,fc71a2batoc39fto082ctob9edto6b2bf3f455a1
true,cnn_image_classification-0,false,1994831,1.9906046390533447,2002331,ffb8e473to129fto6227to62a9tof78a97bbebb4
true,cnn_image_classification-0,false,1961164,1.956979513168335,1968709,1903e786to56c3to2577to9a91to0c5a2ea22d5c
true,image_processing-0,false,2073341,2.069927215576172,2080720,ad23ddb3to1a7ato22ddto3094tod5b7349a20b7
true,pyaes-0,false,2578080,2.574646234512329,2585793,c4053a74toecbbtof9a7tode98to899e27fcaf8d
true,pyaes-0,false,2629086,2.6253914833068848,2637167,51d6d257to2322to7f28to3c56to89e9ca642aae
true,dd-0,false,1208128,1.2041404247283936,1215431,c2cf184cto6c08tod427to3e4ftob30f64082ce7
true,dd-0,false,1114077,1.110724687576294,1121141,c3f2ee5eto7b7fto1710to4d74to1d1734023ca6
true,cnn_image_classification-0,false,3961710,3.95775842666626,3969657,fe0b1517tof6c7to2229to7968tobef665524364
true,pyaes-0,false,2561697,2.557961940765381,2569016,5ca8712dtobb82tocdfeto05ccto3558f54d3d0a
true,image_processing-0,false,2139424,2.135740280151367,2147455,60f8aaa1to1905to949dto4d36toe1fea14b3075
true,cnn_image_classification-0,false,1940515,1.9355032444000244,1947863,46b1962ctoffe1toffcfto6ddbto5c95c09b637c
true,cnn_image_classification-0,false,2046472,2.0418663024902344,2053736,6b13d874toa4ffto8b62to3d86to258ebacbb2fe
true,cnn_image_classification-0,false,4417680,4.413542747497559,4424690,f27beedato9348to7b43tofedftoae4797f751b1
true,dd-0,false,1175051,1.1711323261260986,1182487,e7c8e5f0to4afcto3f0bto0a82to09c1ee233e8d
true,image_processing-0,false,2189130,2.1857621669769287,2196529,dacbf151to1673to2352to7790toff0e976ed3e8
true,image_processing-0,false,2098375,2.095160484313965,2105372,1498acb1to5067toca1eto69cfto014803eee312
true,pyaes-0,false,2583331,2.5795512199401855,2590973,9a517980to937cto6a5fto5175to872e948eaf2f
true,cnn_image_classification-0,false,3923210,3.919085741043091,3930421,4e57bc51to3866toa0fetob45dto8df7c7d0ce84
true,dd-0,false,1194898,1.1910154819488523,1202034,7279fc27to9b6dtoc7acto5a02toe04236e18745
true,pyaes-0,false,2598582,2.594907283782959,2605552,d0b24f01toe007to2f7ftoa18dto76631fcc0c51
true,pyaes-0,false,2642110,2.6386334896087646,2649412,d1fef59dtoed54tob5c2to6e7bto960db7800f08
true,pyaes-0,false,2631057,2.627454996109009,2638899,08fa710btofd08todbb1toa2d7todb54cc93e63d
true,dd-0,false,1216409,1.212759494781494,1224175,9611d69atoe4ddto0eb4tode00to522174bd3bc1
true,image_processing-0,false,2127907,2.1247308254241943,2135392,246a9585toe79eto6f22toad52tod4b6f3bea54b
true,dd-0,false,1136466,1.1325955390930176,1143765,9bbe2bb9toe785to222etod459to61ed6dd85e1e
true,image_processing-0,false,2073603,2.070627212524414,2081130,6657dbdeto30aetodfactoa158tod7151af804aa
true,cnn_image_classification-0,false,4044214,4.040130376815796,4051787,f5ba5c29to5ae6to8eceto260ftoc64a13287a33
true,pyaes-0,false,2555258,2.5520436763763428,2562133,143e6877to4cd8todcd5to9c93to12ed5c57c63f
true,pyaes-0,false,2580474,2.577117443084717,2587690,58e4996dto970atof9e4toc96atof11b2cbcc819
true,dd-0,false,1188627,1.1847765445709229,1196411,d3f52873to2a6ctof9b8to4df3to5a52bfb486fb
true,dd-0,false,1236855,1.2330679893493652,1244021,8f26dd57to90dato059cto2bddtoe097deb9bc58
true,cnn_image_classification-0,false,4102542,4.098109483718872,4110026,f623048eto4215to8172to08c9tod623ad18f9a8
true,cnn_image_classification-0,false,4592311,4.587677955627441,4599838,0012739ftob311tof93ato6a55to4fb9d28048c8
true,dd-0,false,1172286,1.1682777404785156,1179829,5e7f96aatod715toa5e2to8aa1to6280e5bbc28a
true,image_processing-0,false,2206958,2.2035396099090576,2214324,444959a0to9a01tobe4eto3020toa1f0eaf45cd6
true,image_processing-0,false,2181975,2.178656578063965,2189418,02674c83to44aatodbf3to2e24to2a4bda551236
true,dd-0,false,1252421,1.2484734058380127,1260449,4261c1fctofe0bto3c9atoc104to3139e1356fef
true,cnn_image_classification-0,false,2214276,2.2103724479675293,2222202,60927c26to9072toe352tofadbtoa514fa737a2b
true,image_processing-0,false,2143120,2.139638900756836,2150534,c6e0b2feto4433toc4c7to3f70to5a22fde046d7
true,image_processing-0,false,2177924,2.174478769302368,2185383,91ae57detoc1f5to35f4to3308to7c07ca4c0195
true,pyaes-0,false,2561452,2.557905673980713,2569256,2426c4a0to54aeto17f0to1507to45e278829a11
true,image_processing-0,false,2109184,2.1059885025024414,2116713,eba49643tob6e6to4f67to995fto53d24646338a
true,image_processing-0,false,2175153,2.1720993518829346,2182841,06f72649tod7feto8e63to05dato76a4a56984f4
true,image_processing-0,false,2074932,2.0716042518615723,2082643,3fad01f9to4d3cto469bto6b7atofb42195b9292
true,cnn_image_classification-0,false,2195435,2.19215989112854,2202753,d1b09cc7tob0eatoefe1to9cbfto0e26e36eddbd
true,dd-0,false,1156744,1.1528611183166504,1163849,cc08cb0fto0cb8tob998tobd08to89e14a00f23c
true,image_processing-0,false,2067480,2.064561367034912,2074725,d1b3162bto9679to95cbto1d07tofd87a81a31bb
true,cnn_image_classification-0,false,4484969,4.480811834335327,4492327,75e12a95to2b2eto6e6ctoa06bto63f7098d438f
true,pyaes-0,false,2622160,2.6183626651763916,2629844,e644009ato2816to36b1to1d31to0ed1ada7c6be
true,cnn_image_classification-0,false,4684805,4.680635690689087,4692200,2a1cf37etoa08dtod400todbe2to93bc0a96adf6
true,cnn_image_classification-0,false,4763379,4.759312629699707,4770889,c631820cto3786tob9d6to08eeto50bf35b9161a
true,dd-0,false,1115602,1.1121394634246826,1123072,bc01dd80tobfdeto5194to87b2to07f58ee525de
true,cnn_image_classification-0,false,2597580,2.5939152240753174,2604492,2cc31380to449dto81a8to41aeto04ad680a0b10
true,dd-0,false,1148978,1.1449522972106934,1156526,ad94f3acto4586to9d8fto2f9dtofeb749c01133
true,pyaes-0,false,2607613,2.604037284851074,2614795,d6616cb6to2d07toa78bto2f53tocdf77f26adca
true,pyaes-0,false,2705890,2.701862335205078,2713376,2e72418cto6101toacc4to5e7ftof3e94147af7f
true,image_processing-0,false,2126441,2.1229405403137207,2134040,a3c82448to2d47todf3ftob7f9tod2fbfbfc6398
true,pyaes-0,false,2764148,2.760195255279541,2771535,df910b7dtoc4b9to1f21to489eto5550ef8793a8
true,dd-0,false,1156406,1.152428150177002,1164074,b4a9b32atoef1bto72b1to76d1to6dcf209e38ad
true,dd-0,false,1195058,1.191415548324585,1202630,91e5f884to16dato2194to2415toda5d368a481d
true,cnn_image_classification-0,false,4377331,4.37376070022583,4384516,b91726f1to741fto09fbtoa6dcto9a86c9c62b86
true,pyaes-0,false,2791264,2.7877187728881836,2799181,e59f78b1to04a0to3523to04ceto4923bd5c44a5
true,dd-0,false,1234473,1.230909824371338,1241610,c46879a0to4e7bto7a04to570atob0327fa211af
true,pyaes-0,false,2920290,2.916590690612793,2927887,8ff41d9dto889dto589btod6f5to1e983284942b
true,dd-0,false,1255643,1.2528443336486816,1262144,a54c9db5to5271toe851to9366to311c12652916
true,dd-0,false,1293775,1.2902607917785645,1300975,2e5b3767to5435to5017to747dtoa1c1f1af900b
true,dd-0,false,1272251,1.2683634757995603,1279743,3f5e0120to3a78to5826to8867tod3560d262c95
true,pyaes-0,false,2890545,2.887178659439087,2897864,858b34a2tob114to47edto5eaetocf787cbe3bd0
true,dd-0,false,1309326,1.3054094314575195,1316453,fafda7ebtof1e1tobc33to441cto571d8ee834f9
true,dd-0,true,1035464,0.9196820259094238,1895631,f4d8f134to44b2tofedcto5a7etoa04796c75ae2
true,image_processing-0,false,2190278,2.1872148513793945,2196904,7a36982cto62e6to2544toe569toe6d66d12ab95
true,dd-0,false,1149171,1.1461551189422607,1154664,ef9c79d6to0bd3to71ffto6786toe277004f34c6
true,pyaes-0,false,2596750,2.5935373306274414,2603101,8c1324cbtod8a4tobafbto420cto86f7275ed84f
true,image_processing-0,false,2172581,2.16909122467041,2180243,e3c523b3tod6dato0569tobfc9to85ee2e28b76c
true,image_processing-0,false,2138461,2.13515305519104,2145111,dbd2c646to2e8dto54cfto4ebcto648dadf8f2fa
true,image_processing-0,false,2120395,2.1171107292175293,2128149,106cf8c1to7e32to07d5tod2c0tob250077f9a0f
true,pyaes-0,false,2561729,2.55849289894104,2569074,f44b2015toccecto9f8btodb66toa7f902abcc24
true,image_processing-0,false,2053232,2.0498485565185547,2060455,7f2dac93to588ftofa3fto3e56to3f4ff20eeca9
true,image_processing-0,false,2154586,2.1511294841766357,2162135,dc195ae4to5c11to9561to4b1cto4c315ce9af50
true,image_processing-0,false,2051348,2.048616886138916,2057064,59c3d2bato90c7tofbcftof5c3tod1d09df17446
true,pyaes-0,false,2567069,2.563922882080078,2574321,c0dac906toe11ato6769to279ato028881721084
true,cnn_image_classification-0,false,4385882,4.38237452507019,4393054,17316021toc6ffto7e70to1bdetoaa696d08be20
true,pyaes-0,false,2577823,2.5742619037628174,2585148,fabb5bc3tocfcato8faeto23a8to972781c65586
true,cnn_image_classification-0,false,4426290,4.422121286392212,4433909,696f1f0dtob04atofe4bto09b2to19334dae0fd8
true,cnn_image_classification-0,false,4879996,4.876100063323975,4887324,80379575tobe6dto4dabto79ecto549d70348fb2
true,dd-0,false,1144680,1.1407935619354248,1151737,08db8e4btoa242tod954tof306to281094635bf4
true,cnn_image_classification-0,false,2604940,2.600041151046753,2611952,9a4a725bto640fto8467to6d9dto0e5ec5df1304
true,cnn_image_classification-0,false,2197770,2.1941709518432617,2204990,a046cb02toc880tofa21tod5dfto2f634a56f6c8
true,pyaes-0,false,2621108,2.61738920211792,2628568,1ffdbe6ato570eto2692toac41to5d45514d8185
true,image_processing-0,false,2080117,2.0766844749450684,2087573,30d2554ftoc8c7to115fto2c02tobf3c6c70a82a
true,pyaes-0,false,2589333,2.5856614112854004,2596869,6f6cac62toa917tob0bbtoccd8to8c519467c095
true,dd-0,false,1206093,1.202070713043213,1213797,424a6ce5to24e2to6509to120dto7825734edc9d
true,image_processing-0,false,2109485,2.106020212173462,2116953,654bb3d8toe3b6tof12bto924eto9c7e457857d0
true,dd-0,false,1195290,1.1915614604949951,1201901,2b446254to6f33to042btoa819to2ffa32bf3637
true,cnn_image_classification-0,false,4199151,4.193667411804199,4206727,68b046e1tofedeto9f57tod91ctof9c6609c97ad
true,dd-0,false,1157265,1.1536452770233154,1164221,8086d7a5toe402to8565toa5ffto0bf840cb1803
true,cnn_image_classification-0,false,4765879,4.761430501937866,4773722,5be69e2dto0c33to576fto413ftoc0e46a21bcbc
true,cnn_image_classification-0,false,4679275,4.675358772277832,4686626,01ccfe38to3946to2e30toc71btodd7040874e4d
true,dd-0,false,1127060,1.1232945919036863,1134899,4f13d554toe96fto5c15toba0ato91b543d2983f
true,image_processing-0,false,2282299,2.2786827087402344,2289713,e0eacd5dtoe3fbtoaf1eto1cd0to3245e188b40b
true,cnn_image_classification-0,false,5369484,5.365053176879883,5377444,47841fe5toa08bto0a86toe68btoabbe83193b6a
true,image_processing-0,false,2335496,2.3318445682525635,2343025,6c61e4ddto6e64to2395tod8d4to57efc0d59874
true,pyaes-0,false,2863120,2.859598159790039,2869479,e4be79datob5ccto5db6tobe53to004d02a7e446
true,cnn_image_classification-0,false,3041605,3.038039445877075,3047570,3f4c9917to21abto572atoc8d4toc83c640f9ee9
true,cnn_image_classification-0,false,2779288,2.7753915786743164,2786690,77bad136toda5cto9a2ato54e6to92f185a3bd63
true,pyaes-0,false,2965078,2.9613184928894043,2972450,cbf4a283tod7c5to9446toce85to6b57407c17d9
true,cnn_image_classification-0,false,4254578,4.250451564788818,4260980,0b6dd5d7to6612toe2actoc72fto4b210426cc61
true,pyaes-0,false,2954227,2.9502110481262207,2961737,5e581da7to159dtoba79to74a0to2ca6af09fee1
true,image_processing-0,false,2446525,2.443310499191284,2453846,0b161225to6754tob40ftoacedto7d4a81e9d161
true,dd-0,false,1231792,1.2276830673217771,1239574,a4b75eb0to14d2to540ftoab5cto3dafe612972a
true,pyaes-0,false,2925598,2.921950340270996,2933558,f78d09aato54f9to4bc2toab48tod5639281307b
true,dd-0,false,1312764,1.308892011642456,1319540,7558574eto5247toe827tob38ftodf75952d14a7
true,cnn_image_classification-0,false,1760681,1.7550313472747805,1767783,26d91f5etoc7f0to1b0eto6e7etoc6a8c8a3e87a
true,pyaes-0,false,2987130,2.983228921890259,2994471,8f2bcbf2to445fto440cto1336to66d835b5223c
true,dd-0,false,1269358,1.2658727169036863,1275829,1543c09dtoeeaftodc6ato81a4tofe07fc4a7bd9
true,pyaes-0,false,2959482,2.955740213394165,2967050,26f7b4f1toa587to076dtoebf4tof6dce666826a
true,image_processing-0,false,2381975,2.3778250217437744,2390621,d27f528dtoc77bto34fdto9c30to93095e231530
true,dd-0,false,1353433,1.3490984439849854,1361339,80100486toc8f1tod734to09e6to84c89270cad0
true,image_processing-0,false,2270243,2.266565322875977,2277549,3a3a9ecfto0a6atoe3f2to8630to395f614de9c1
true,image_processing-0,false,2235894,2.2325632572174072,2243252,7e244833to262fto4e79to1021to041346eda236
true,pyaes-0,false,2830909,2.8270976543426514,2838580,a401461bto9c04to3004to0de2toaaa12cea564d
true,cnn_image_classification-0,false,4680856,4.676718235015869,4688598,52abb40bto1390to3496to159eto82109783effc
true,image_processing-0,false,2296361,2.29301381111145,2304040,78cb6244to86adto86a1to88fetof9a921213efc
true,pyaes-0,false,2779067,2.775212526321411,2786714,bf9fbf07to179btoa3bato4dc9toaabb79a577a7
true,cnn_image_classification-0,false,4719458,4.715696811676025,4726858,ffb3de06to8f60to6fbbto8e5dto32aa1f3659e1
true,pyaes-0,false,2658775,2.6548550128936768,2666669,47e5f240to032eto6f09to7ddbtod0e4e196ed74
true,dd-0,false,1184341,1.1804232597351074,1191973,36632904to443btodbb9to5e34tofdc4f4e9de2b
true,dd-0,false,1228368,1.224912405014038,1235769,5b816a32to68b9to9d7dtofdf6to634ea3945438
true,cnn_image_classification-0,false,2430870,2.42685604095459,2438617,0061eac4to20fdto24f4tob558to726413457249
true,dd-0,false,1223743,1.220076560974121,1229562,d66a46bdtoa9e4toe14fto7709toe31876846f67
true,cnn_image_classification-0,false,2702996,2.698845624923706,2710745,a0626c9dto1dd2toea30to9472toc99a32682c87
true,dd-0,false,1195311,1.191330909729004,1202527,c15c10e1to1533to92cetod67dto664b0f6d2153
true,cnn_image_classification-0,false,5145571,5.141599893569946,5153316,4551d660toba88to4925to9bb4to359087c786e5
true,dd-0,false,1149707,1.1457395553588867,1157236,9f5ddb3btoeeb6to4cf7toc677toecd8244fa51b
true,pyaes-0,false,2576694,2.572927474975586,2584369,70d097fdto8c45tocb2dto1cectoaff8c827cd63
true,cnn_image_classification-0,false,4056039,4.052133798599243,4062955,93f0f601to038ctoc249to82c6toe9399a1feb8d
true,dd-0,false,1117865,1.1139576435089111,1125466,9de1e50etobe27to4a32to0707toa988b75d182d
true,image_processing-0,false,2232955,2.2293758392333984,2240451,79e68a07toe788to2b03to010fto1b135887638d
true,dd-0,false,1141277,1.1374216079711914,1149185,b5d40c21to326cto97e2to8b31to32521520a115
true,image_processing-0,false,2238091,2.2347888946533203,2245658,afca27afto6edbto39eato54b5to77ff4976249e
true,cnn_image_classification-0,false,2912799,2.9089248180389404,2920413,40756d31to6950tod934toe6c6to5fbac205ebce
true,dd-0,false,1148105,1.1442863941192627,1154796,33c1928cto1afbto9743todef2tofac8aafcf46f
true,pyaes-0,false,2677450,2.673708915710449,2684887,aa1802adto87f5toa6d7tobf68tod1de3dee5eee
true,pyaes-0,false,2724554,2.7207729816436768,2732624,2ed53dfato24d6toec62todd8ato1267d4203b60
true,dd-0,false,1191122,1.1852798461914063,1198799,cb16cd1cto1616to6d20to3fb0to364a96205175
true,cnn_image_classification-0,false,4712060,4.708107233047485,4719582,5742bf2bto7ea0to8196to5e2bto38930399c843
true,dd-0,false,1230253,1.2266371250152588,1237280,b7176d0ato74d9toa01cto367btoba1e207bd7eb
true,cnn_image_classification-0,false,4492313,4.487762689590454,4500358,918f9f8fto8ea1tof573to632dtocc56622170b0
true,dd-0,false,1253051,1.249030828475952,1260308,4a7e1980to9b7eto6ed9to2574tobe74e02245d6
true,image_processing-0,false,2198163,2.1946330070495605,2205732,1e81d3ffto8568to903dto7b13toe11a28c7347d
true,dd-0,false,1190784,1.186779260635376,1198256,1935bf71to4942to2393to4613to8d00ba29a0f5
true,cnn_image_classification-0,false,2627889,2.6244187355041504,2635749,4c61005bto01f2toe3e4to8e34to029e0a0cdc6f
true,cnn_image_classification-0,false,4486830,4.481767892837524,4494919,a25eba56to0a0bto02edtofe2cto8c3ef1aa677f
true,cnn_image_classification-0,false,1466871,1.4624567031860352,1474842,017f6ceftod024to13c8to90f4to8601797bb7c3
true,dd-0,false,1087829,1.0841796398162842,1095002,6b3d14f4to51e8to83b2to00f5to6d4ecd40e980
true,image_processing-0,false,2330201,2.3265552520751953,2337884,5966eeb6to20b7toabe6toae06tod11bbb7df95a
true,dd-0,false,1144692,1.14068341255188,1151857,60dff86btoc524toffabto9614toc64deea53f16
true,cnn_image_classification-0,false,1481915,1.4778645038604736,1489330,fa35b67dtob8f2to2f2dtoca30toea2ef05979f8
true,image_processing-0,false,2071065,2.067856788635254,2078215,7a017b72to9257to863ato9040to555d523abd0e
true,pyaes-0,false,2576675,2.57283353805542,2585064,33567108to57c0tob920toe0d1to2cb78e33fd3e
true,pyaes-0,false,2606620,2.6027400493621826,2614037,80e048e0to2587to8da2to14e3to48ede5b79acf
true,cnn_image_classification-0,false,2383287,2.3796939849853516,2390895,980c67aatof019toed75tof2e5to98241cd21585
true,image_processing-0,false,2191443,2.1880311965942383,2199126,81b30e49toea63to331etoa061toe819b129528e
true,cnn_image_classification-0,false,4657166,4.6532721519470215,4664503,e9cdac37toc0dcto4695to6472to51162511ed0c
true,image_processing-0,false,2159344,2.1561808586120605,2165933,17e17c3bto1b8etoc01eto53b2toc6f576fd66fe
true,image_processing-0,false,2186147,2.1831326484680176,2192873,4f95e922to6890to6595to46f6toce691d7920bd
true,image_processing-0,false,2282601,2.2791502475738525,2290786,37778cfeto8711to21aatobdeeto8329a5804209
true,dd-0,false,1197737,1.1938889026641846,1205267,66acfb47toa01cto9786toe7e2tof29152744ea0
true,image_processing-0,false,2285951,2.28253436088562,2293563,e8468868tod18ctoc0b4tobc1ato1a89ac50c752
true,dd-0,false,1222293,1.2184085845947266,1230218,6d628854tof054to3dfato99a8to7c1381e60d9a
true,pyaes-0,false,2740607,2.737015724182129,2748055,0e8fd369to7689to1ba6toc27eto28d834c4b0c8
true,pyaes-0,false,2861946,2.8582842350006104,2869241,0c3ebebbto1878to425bto1058to46b37096e50b
true,image_processing-0,false,2292578,2.2890679836273193,2300456,52946c12to9d80to19fctoe8batoce0c415b6db8
true,pyaes-0,false,2723195,2.719587802886963,2730164,265d9f68tobb4cto2abbto0dc9tod66351198e41
true,dd-0,false,1224823,1.221374750137329,1231992,30ffca23to17e8to0901to22dbto8a2796f9c603
true,dd-0,false,1201241,1.1979060173034668,1208432,b3f1ffe3toa95dto9b9etob1e6to23a871c4ba88
true,pyaes-0,false,2713266,2.709610939025879,2721212,9fe0b015to3882to36b7tod408toc428790465ce
true,pyaes-0,false,2749686,2.7460694313049316,2756823,b2f8b774tob0f0tofb29to34f4toce545d60bfc1
true,image_processing-0,false,2171357,2.167980670928955,2178874,cd662212to9e0ctoc6bcto2783to646ca943263a
true,pyaes-0,false,2617430,2.6137781143188477,2624806,aaf3ae3cto0109tofa96tofefatof446dfca635a
true,cnn_image_classification-0,false,2372272,2.368489980697632,2379494,73a47626to7698toe1a3tob521to50514f6524f9
true,dd-0,false,1163446,1.159069538116455,1170622,b55edd6cto1160to513bto9eadto7d6d660ed6ff
true,image_processing-0,false,2103379,2.100238800048828,2110837,da48d4aato9a1ato523btob9bbto345e3160cf08
true,pyaes-0,false,2604843,2.601205587387085,2612825,5cf160f2to70adto1c3eto7b64tob46daf3f5d90
true,pyaes-0,false,2631742,2.6279473304748535,2639365,f4e1bb55todb9etoee57to307etoba978a7db068
true,cnn_image_classification-0,false,5233220,5.2289879322052,5241403,66dc9d13toa6aftod3fdtocdcctoe990afb399e5
true,dd-0,false,1215902,1.2119107246398926,1223105,1f2713b4to9319toe248to31ddto0f06b05466c0
true,dd-0,false,1172940,1.169203758239746,1179946,33ba0e49to316ato4debto0d95to88e6bfb366b4
true,cnn_image_classification-0,false,2784785,2.780916213989258,2791916,9c8e3c7btodc1cto2e80to0da4toeed0632472e4
true,image_processing-0,false,2217708,2.2141878604888916,2225117,4ebebc85to027dtof2c1tofe0fto3729518fa45a
true,cnn_image_classification-0,false,5261289,5.256221055984497,5268083,3a8c29e9to6dfdto0bf3to6386to9f9c46bcfa18
true,dd-0,false,1217582,1.213831901550293,1224657,1636e95etobb2cto147eto9be1to9f2e04e5a27d
true,dd-0,false,1202601,1.1986744403839111,1210096,d4055344to0c72toef53to50eeto5db0734a2bdc
true,image_processing-0,false,2228149,2.224612236022949,2235634,0f2fdf4bto64d3to303dto42a4to680023904449
true,cnn_image_classification-0,false,4923785,4.919722557067871,4930767,ac57012dtoa390tod09ato9be1to042aaecb6455
true,cnn_image_classification-0,false,1510611,1.5065748691558838,1518287,e1ff4945to58b9to623bto0e67tob6b3f39c14b7
true,cnn_image_classification-0,false,5502686,5.49873685836792,5510150,cf5464cdto3124to9c9fto6bc3to7736f50dc277
true,cnn_image_classification-0,false,3364455,3.3601489067077637,3371161,f552ec7bto73c3to2cadto2784todad56edbdb18
true,pyaes-0,false,2998680,2.9945404529571533,3006388,0f0091e2toa868to75b4to584bto606e5998276d
true,cnn_image_classification-0,false,4420692,4.416243314743042,4428365,549ec578tob882to5a0bto965fto2621d8b00957
true,cnn_image_classification-0,true,5496465,1.9282846450805664,6376957,8b80d765to6b35to83f0to238ato40385e47dd69
true,cnn_image_classification-0,false,1915253,1.9114274978637695,1922410,5705e847to8fc7to5b6fto252dto036e7b4eb47a
true,pyaes-0,false,3294485,3.290757417678833,3301901,0904e27ctofe85to6b3fto47cdtofed1f1cc3e09
true,cnn_image_classification-0,true,5042838,1.9730274677276611,5949857,bcbbe26ftobe2atod90eto8dectoa27cf6a6ef11
true,pyaes-0,false,3086879,3.0837574005126953,3094014,330d5099toecadto6430to23a6to2027bf6d5d06
true,pyaes-0,false,3318813,3.3146748542785645,3324523,99cf78c8tof5acto7460toe2adto681ae81e5cb1
true,image_processing-0,false,2342651,2.3398759365081787,2348778,e89c24e1tof8d9to6138to8307to9163e1cb0f61
true,image_processing-0,false,2568141,2.56559681892395,2573974,64bbcccato7edato105eto5766to572d079f5e12
true,dd-0,false,1295543,1.292926788330078,1300144,5400981dto3da2to25cetob7adto5ca7f7350944
true,image_processing-0,false,2380584,2.377612829208374,2386630,eb98ded0todd81to3ca4to2704to4471151cb081
true,dd-0,false,1236051,1.231838941574097,1243308,0f28699cto5970tofe74to36b4to92c2a97093d1
true,pyaes-0,false,3078202,3.074707508087158,3084937,0b1499a5to209eto9e75to72d1to53c8a6e15038
true,dd-0,false,1241282,1.2369341850280762,1249440,f6e256f9tob47atoeb7btoc823toe38d423ae67e
true,pyaes-0,false,2745714,2.741722345352173,2753859,41163961to9131to6880to7359to9f3227c81dcc
true,dd-0,false,1169465,1.165339469909668,1176791,664d478dto323dtob3e2to5497toa58cda7c03cd
true,cnn_image_classification-0,false,2910637,2.9060232639312744,2916917,af9791e7to82e0to24c2tofa62tob51235a2f202
true,image_processing-0,false,2173684,2.1704800128936768,2180994,5ad84ec6to3ffdtob226to10abtod694dd175f92
true,dd-0,false,1154061,1.150068998336792,1161626,fdb3f7fato587ftof759to1a5ctod6881593d339
true,dd-0,false,1114811,1.1109111309051514,1122113,0586404ato4bfdto16dfto46cato702fa522e912
true,image_processing-0,false,2197295,2.1944661140441895,2204190,f1319a3dto64dfto5728to2af4tocd5231d4ec6e
true,image_processing-0,false,2210468,2.2070560455322266,2217905,db0f13d4to9d37to2636to1a21to9f8a4958189b
true,dd-0,false,1202470,1.1986145973205566,1209808,31bc2369tod880tof4f5tocc37toaf7a8fe06d7a
true,dd-0,false,1212955,1.2093417644500732,1220395,a2a5739ftoc2d8to9f49tof09bto57c106471a04
true,cnn_image_classification-0,false,5100766,5.096623659133911,5108657,3c0562b0to5bf1to002ctobdbcto2424c4b94c16
true,pyaes-0,false,2646604,2.642934799194336,2653974,487f7deetod7ccto80ecto81edtoafee2575fb9e
true,cnn_image_classification-0,false,2945728,2.942124605178833,2953907,ed7dd99ato31adto6d1cto6985to6e2461634280
true,image_processing-0,false,2140479,2.1371846199035645,2148013,54cdcf75to9045to4ee0to7501tod0c199905392
true,dd-0,false,1153044,1.1497373580932615,1160296,0e950f52toe0d2tocc61to7672tobea2200af5af
true,pyaes-0,false,2692817,2.689218759536743,2700220,fab3f9dfto3a02to5880to9eectoabfe60910dba
true,cnn_image_classification-0,false,1270588,1.2668797969818115,1277577,1a92cde3to6d4etobe47to87fdtoaf01b485087b
true,dd-0,false,1158707,1.155282735824585,1166045,1e71318dto8cd2toacdeto7090tod0faa9c37585
true,dd-0,false,1117515,1.113780498504639,1125014,597f59b0to3f52to8419todeefto593886660923
true,pyaes-0,false,2663847,2.660118103027344,2672019,8fd12a35to5053to8fdetoa096to21a8a38e34c2
true,cnn_image_classification-0,false,1184660,1.180117130279541,1192193,66395444toe9e4toff26toa36fto5db483b56d55
true,pyaes-0,false,2629549,2.625938415527344,2636803,5737d736tob091todb7btoc4feto4876d77f4298
true,cnn_image_classification-0,false,1159775,1.1561992168426514,1167068,07028c9cto57e6toa541to2a13tob0536d0934c1
true,cnn_image_classification-0,false,3800827,3.7958552837371826,3808406,9cfe6a72toaa7etoccffto1498tob9c5789b8d23
true,pyaes-0,false,2559961,2.5563268661499023,2567555,15de8e2ato757etofd6atoa556toaeaf8a182796
true,dd-0,false,1072815,1.0691816806793213,1080424,78a925ebto0b1dto4350to0f29tob8d5c4d19ce5
true,cnn_image_classification-0,false,1233991,1.2306385040283203,1241063,a9a65b56to1df8to3340to14e3to3f6cbe3cd896
true,image_processing-0,false,2198907,2.1957321166992188,2206452,06a117c4toab56toa084to54e1tof86b7870ea26
true,image_processing-0,false,2181700,2.178377389907837,2189307,3d7c23aetob97ctocf97to5ff3to40ad65207d48
true,pyaes-0,false,2583259,2.5797860622406006,2590799,5b4bf95cto8907to2598to79a8to7445f591867c
true,dd-0,false,1129150,1.125087022781372,1136683,887611adtoeac3to7c6eto782eto18d5a0e53245
true,dd-0,false,1286648,1.2830302715301514,1295932,d3612e29tod7d7to6736to8f63tof78d4b39cf47
true,dd-0,false,1118686,1.1150896549224854,1125934,8bd902c0to1637to8f36tob2c2to3b83a337d9c0
true,cnn_image_classification-0,false,5090141,5.085908889770508,5097727,5af1a0d4to032ctob2b7toaadftodaa631450809
true,pyaes-0,false,2523590,2.5201268196105957,2530660,4e04a9ddtoa355to927atoc2e8tof90b61dc0d1f
true,image_processing-0,false,2015736,2.0125019550323486,2023684,baf60013tof0b8todc62to6ea0to2e896ce8ae8b
true,image_processing-0,false,2102670,2.0992021560668945,2110356,168113aetof50atofe1dtoadadto5e49b3fd9b7f
true,cnn_image_classification-0,false,4070456,4.066602945327759,4077905,b856c568to8370to282fto1b8eto8136238cb065
true,image_processing-0,false,2204582,2.2012853622436523,2211929,fc6fe5bbto3eabto4203to22cato791b8dd74f8f
true,cnn_image_classification-0,false,1327353,1.3236489295959473,1334743,c7ccd1a4to576eto5ed3tod584to5052996515a8
true,image_processing-0,false,2222667,2.219212293624878,2230334,97134699to2cd3toa33eto1621to1b99f3d1a641
true,pyaes-0,false,2693126,2.689363718032837,2700623,245b11a9to8029to71b0to2549to1f5fab92e805
true,image_processing-0,false,2407842,2.4045569896698,2415445,a4e1fcd3to1d02to98dctod008to0c176592967e
true,cnn_image_classification-0,false,1396574,1.393230676651001,1404438,87e4eda3toe5actocbd1tocd3btoe5816252a242
true,cnn_image_classification-0,false,1525660,1.5219693183898926,1533054,2cb1d0cbto5cb0to7921to97fbto4e436686a3d8
true,pyaes-0,false,2673581,2.670351505279541,2680901,9b83e05ftoe7a6to527dtof446to6771c48a02a5
true,pyaes-0,false,2747700,2.744072675704956,2754924,9a4a945dto8be4to346cto5690tocf2da3b4831d
true,dd-0,false,1194490,1.190519094467163,1200969,198b239fto32ebto9b09tobf9fto360bcbfb5c38
true,image_processing-0,false,2228937,2.2253904342651367,2235666,e952e7b2to049fto190atof85etoeb114fca4aa9
true,cnn_image_classification-0,false,3041781,3.0378494262695313,3048600,8d1e7c87to4af8to23c1to83f8to9be3ae83a7ab
true,dd-0,false,1234556,1.2307085990905762,1242006,6881e5eato546dto1b26toc7deto40c462ed5de9
true,image_processing-0,false,2149844,2.146620512008667,2157570,27ad3c34to0500to5519toc83dtoe4d5b521f00e
true,pyaes-0,false,2696269,2.6925711631774902,2703724,cbd43993tofc39to318etod303to8265966e5e2e
true,dd-0,false,1144633,1.1406376361846924,1152115,cd3274f6tob370to72b0to2988to1e53509d44c4
true,pyaes-0,false,2554251,2.550695419311523,2561415,b69674c9to0534toe4betoc3d5tocb5f92fb42fa
true,pyaes-0,false,2573072,2.569319725036621,2580930,dd650269tod0b5tod8d2toc44dto0df4a799c509
true,pyaes-0,false,2561816,2.5587470531463623,2569113,f94e749fto6965to3936to85a6to531db86efa37
true,pyaes-0,false,2544001,2.5411133766174316,2552469,46e69792to745cto7f67to43b0tof296a2c4f654
true,image_processing-0,false,2093339,2.0905823707580566,2100042,2ba2990ftoe953to16d5to2ce5tob6d155fe6115
true,dd-0,false,1094539,1.0906662940979004,1101655,b4278070tod36btod3ccto5a27to04ab6cfbfe70
true,dd-0,false,1182128,1.1783740520477295,1189354,31cf0c8bto7776to390ctoccccto61a33d193782
true,dd-0,false,1157688,1.1539676189422607,1164741,1125a942tod3f7to1471to8311tof739d2478063
true,image_processing-0,false,2151974,2.1486752033233643,2159559,7e8e13aato5b81toe96fto8a6etoa6b26338e8a3
true,pyaes-0,false,2544232,2.5408551692962646,2552064,d7380064to2809to6503toc22dto6d77f879e908
true,pyaes-0,false,2526712,2.52303695678711,2533735,af84a909tof957to41b6to4dd2to032e858ecbf4
true,image_processing-0,false,2139987,2.136598587036133,2147375,99c12c85to0b69to08bdto2d6bto33bd10b2157d
true,dd-0,false,1091150,1.0875301361083984,1097993,fab6676etoc748to832ctoc29cto1db10df7d990
true,image_processing-0,false,2051920,2.0487427711486816,2059400,3d4d7212to2a83tofaddtod069toc3a1f577eab4
true,pyaes-0,false,2618148,2.6146178245544434,2626761,d22a497fto6f6ctoe6c1toea75to616b90679e2a
true,cnn_image_classification-0,false,2882026,2.8780643939971924,2889396,ead87b4dto26a8toe437toc11etoe33afe5180bf
true,pyaes-0,false,2527324,2.5236847400665283,2534695,bd73b1a9to7b85to12dbtoec08tof24b6bda107c
true,cnn_image_classification-0,false,3909809,3.9060771465301514,3917149,6db5ef87tofccbtod1d3toe0a6to02aec0c487e0
true,pyaes-0,false,2483464,2.479882001876831,2491322,c5351fd9to27c7to019eto5601toc72b8b1d094f
true,image_processing-0,false,2109169,2.1060829162597656,2116798,b6a249cato584dto37c7to9fb7to439cb373ea1b
true,cnn_image_classification-0,false,3176684,3.1733524799346924,3184331,e5033c0ftoc4dctob323to2f93to77008fd6983e
true,cnn_image_classification-0,false,5037279,5.033337593078613,5044997,cc03156cto417ctocdadto9720to963824ab48df
true,image_processing-0,false,2146537,2.143218517303467,2154164,9173c6dbto91a1to1ec9tod304to6e80fd9bec23
true,cnn_image_classification-0,false,1407760,1.4037752151489258,1414928,8baa9da8to7141tob168to335atobbef58c48f14
true,dd-0,false,1127490,1.1236941814422607,1135025,7eca132eto0bf4tob5d3to7542to5c28a82966ad
true,pyaes-0,false,2491854,2.4884865283966064,2499417,d5cdb7d1tof46fto67f9toeb08toc625f81526dc
true,image_processing-0,false,2114410,2.1109330654144287,2121898,a6ab16fcto02bctod337toac38tof2f4ac2f991e
true,dd-0,false,1137897,1.1338891983032229,1145269,5a3905fato4b96to463bto09a3toad1e98e21078
true,pyaes-0,false,2596289,2.5926666259765625,2603682,819c0248to5a68to6b00toda1ctoeea611b7ad1f
true,pyaes-0,false,2583108,2.5795094966888428,2590282,24b46c05to3246to16d6to974ftob5deb0e5bb82
true,cnn_image_classification-0,false,3069075,3.0650901794433594,3076474,a785d051to933cto2ee4tofc4dtod53c9c19be95
true,cnn_image_classification-0,false,1436234,1.431650161743164,1443778,b37a3809tocff8to486eto1377to345ff5fc81f7
true,image_processing-0,false,2040934,2.037773370742798,2048213,a18dcb02toa0d7to2d2dtobaf5toc56daebf2875
true,pyaes-0,false,2505087,2.5014076232910156,2512877,0ad66493to17datodd87to6f2eto8d22a5b7da7b
true,pyaes-0,false,2586068,2.582852840423584,2593250,fc049517to2ad0to8783to6378to8a8cde037093
true,pyaes-0,false,2529128,2.5253303050994873,2536654,14aa3380to6633toe451toa360toebba2ef15904
true,cnn_image_classification-0,false,5048637,5.0449724197387695,5055899,16e86092to2703toc0a9toc47bto6945ed039004
true,image_processing-0,false,2119485,2.116060495376587,2126998,a9fb737fto971btoad26to835btoc7974e1814ac
true,image_processing-0,false,2040255,2.0370945930480957,2048141,612706cftoe684to8f01toa03atoac393768640d
true,cnn_image_classification-0,false,3148311,3.143463134765625,3156022,fabc3c87toee08tofb31to78f6to4dc0ce75277b
true,dd-0,false,1127786,1.123981475830078,1135216,7252e61dto6f28to760ctoa242to9813c9163180
true,cnn_image_classification-0,false,1557905,1.5541155338287354,1565431,b84d070cto5f23to58d9tod2dbto8f5a46dedc84
true,pyaes-0,false,2535586,2.5322322845458984,2543568,51244ef0to556dtod583tobd68to7c3bb3e1db7b
true,dd-0,false,1079579,1.0757696628570557,1086974,2e738399toc042to0018toc127to732eaa6044be
true,pyaes-0,false,2588315,2.584712505340576,2595366,23468c34to1985toc0betob485to62f0983e5f51
true,pyaes-0,false,2530127,2.5263895988464355,2537558,01ae2209toee70to30c5to4c95to0d87b3b6bc43
true,image_processing-0,false,2052414,2.0490546226501465,2060040,28dacfd6to9a55to7593toc940to8947d3360442
true,dd-0,false,1077607,1.0739376544952393,1084977,23051efbtodc84to7fa2toed7dtobeb7ac13ed9a
true,cnn_image_classification-0,false,1504422,1.500866413116455,1511601,d18c8d23to1715to7adbtofd1ato8ab63a743e32
true,pyaes-0,false,2592074,2.588599920272827,2599290,d2df4ee4to53b7tob7beto763dtof3fa8b046a45
true,image_processing-0,false,2116426,2.1131772994995117,2124211,40879a5ftoc232tof23btobeafto80f3c8160e7a
true,dd-0,false,1075345,1.0719914436340332,1082170,7dacdeb3toeed6todd18to7554toe2b6e7a1fdaa
true,pyaes-0,false,2528382,2.524818420410156,2536028,e0f3745ato5874to2c01to4a04toe77ffd19652c
true,pyaes-0,false,2532723,2.5291144847869873,2539903,75890b09to69a9to1f0bto38e2tof5369b8e1b78
true,cnn_image_classification-0,false,1505832,1.5022437572479248,1513262,145fb500todabdtoe8b2to9453to7e491e987031
true,pyaes-0,false,2525685,2.5219790935516357,2533003,efe35fbato795ato3818tofb08tod8d73e44a538
true,image_processing-0,false,2133415,2.13023042678833,2140383,9f9c5797tof0ebto15f2to1278to03fc4df6bc66
true,pyaes-0,false,2620177,2.616623878479004,2627335,285239f8tod5b6tofc34to834etob236e6030792
true,image_processing-0,false,2076393,2.073274850845337,2083964,a34adaffto63c5tode0dtoa236to59378b294291
true,image_processing-0,false,2225153,2.2218165397644043,2232863,e4b3d28dtob5d6tob25dto24fdto408777a5fae3
true,cnn_image_classification-0,false,5555880,5.550650596618652,5563212,cf530c1dto4021tofa2ftob310to8f478ffba462
true,dd-0,false,1143806,1.140510320663452,1150403,c7c6ceeetoe816to57cftoed0ato73353c8aa534
true,dd-0,false,1122889,1.1190600395202637,1130417,f29afab4to74b5tof501to9f4dto8662fd416b98
true,cnn_image_classification-0,false,1781005,1.777484655380249,1788678,c8b54df7to16b5to00fatoe98atof81ea8eabea3
true,pyaes-0,false,2558981,2.555475950241089,2565719,2104586fto1646to2d7btoa612tofe3079e05b71
true,pyaes-0,false,2538573,2.5354104042053223,2545508,1576b714to050eto9554to2ed6to44975523a10b
true,cnn_image_classification-0,false,3521249,3.5172119140625,3527981,37dc3ebato72beto4c54to7e81to2d571f88e6e7
true,pyaes-0,false,2638754,2.6349785327911377,2646334,9da25dcetod167to44eetoc5f7to0ddf54822a6a
true,dd-0,false,1137544,1.1341166496276855,1144664,4aa95d85toffcdto8dfdtoec96tobf3150aa750e
true,cnn_image_classification-0,false,4769566,4.765740394592285,4776430,679484a7to9cc0toee96to044dto532067630020
true,pyaes-0,false,2683348,2.6796042919158936,2690836,fd433ecdtoc789to7f1dto0ae2to233b2c7d165f
true,dd-0,false,1216666,1.2130029201507568,1224355,abd1c779to7781to2fc3to7d11toe0894a9595e6
true,image_processing-0,false,2244556,2.24116587638855,2251985,5b85c62ato4024to51a3to670ctoabd1bcea9406
true,pyaes-0,false,2823278,2.8193910121917725,2830661,2bb4d4c7to66c3to4ee5to6180to3896eb3f33f4
true,pyaes-0,false,2809089,2.805383682250977,2816541,a913e340to6507toec38to0a66to61efe1a36dfb
true,image_processing-0,false,2219455,2.215941905975342,2227134,519dd893to8676to0943to3c5fto0c7e21b0383c
true,dd-0,false,1280828,1.2772293090820313,1288377,b55099bbto6794to7217to407btob42be4a57889
true,dd-0,false,1247563,1.2438201904296875,1254484,c19d4cb0to7e3ctob36bto1f8bto603766f4c0c7
true,image_processing-0,false,2259630,2.2562453746795654,2266653,39dabc49to0f92to4fe2to5304tof434d273ec70
true,dd-0,false,1289047,1.2851953506469729,1296442,e76028f6to1c9ato7ebeto2351to8fdd75bfb048
true,dd-0,false,1306954,1.302928447723389,1314934,2a282d39to3202to34c4to48c7tofdb23d943ed4
true,image_processing-0,false,2264147,2.2612547874450684,2271756,0d2ddfb1toc10atof8f0todbfetoac1d505c6f32
true,dd-0,false,1226242,1.2223491668701172,1233424,2448de84to9e1btofe38to0b12tob83cc528e87f
true,dd-0,false,1269648,1.2660584449768066,1277142,83f6c23ftoc263to4383to0055toab1049c6beac
true,cnn_image_classification-0,false,3630818,3.6270251274108887,3638341,0c0cc7a9to93e3toecbfto920dto0c2ce962fe8d
true,pyaes-0,false,2640158,2.636364698410034,2647624,ba26e1feto5315toa640toc6d3to3da83522a9a8
true,dd-0,false,1188804,1.1848487854003906,1196143,f08a2672to2111to86b0to433ato5f7b6381f8c3
true,cnn_image_classification-0,false,5648717,5.643772602081299,5656195,9f80526dto6a75toa94dto75edto7be99b90d687
true,cnn_image_classification-0,false,1901072,1.8972468376159668,1909026,2880b38etoa542to4f20to564bto59fa3c4f827f
true,dd-0,false,1211853,1.207944631576538,1219552,0fb00d05toe43fto1faatob4a4tocc5a37483a66
true,image_processing-0,false,2073779,2.070500612258911,2081313,ee0b6918toc190to3cd1to5663to11e203f1e68a
true,dd-0,false,1126361,1.1223952770233154,1133961,bfb9e400toa087tob487toaddbto3747e5fce1de
true,image_processing-0,false,2066392,2.0629565715789795,2074458,b2661fa1to8bd6tof977to4759to652361c68fca
true,dd-0,false,1108270,1.1044034957885742,1116225,3973680cto64dato5320toe77bto22aec3270471
true,pyaes-0,false,2555233,2.551785469055176,2562787,cfe2f53eto3681toc168tofdactoe037722de670
true,image_processing-0,false,2090495,2.0871973037719727,2098437,9c6f9d8bto74f4to24fcto765fto396abfdf9828
true,image_processing-0,false,2150917,2.1476478576660156,2158089,d08a5db4to03f9to762ftoe50dto878ea69be71b
true,image_processing-0,false,2093289,2.0902223587036133,2100749,fb50d47fto5526to7cedtobb96to6406984a06d0
true,image_processing-0,false,2109264,2.1058948040008545,2116724,7de67ce6to3ae4toed69to75f5to9c7f833c24b2
true,image_processing-0,false,2079023,2.0758495330810547,2086781,ac1f2959to72f1to75a0to0d1ctod471ce63aaeb
true,image_processing-0,false,2052395,2.0490143299102783,2059727,db4e0da1tod086to9293toab2btocf5cfb852d94
true,image_processing-0,false,2088966,2.085569381713867,2096859,e6d7d231to1d90toa34dto3ed6tob47b6cbfa2c0
true,image_processing-0,false,2047561,2.0446691513061523,2054754,bd1a2654to24f0toe70cto033etoa0415c62a372
true,image_processing-0,false,2040543,2.037714958190918,2047715,a05672dbto5601tob582to6a9ftoce54a2ed2d30
true,dd-0,false,1112161,1.1082773208618164,1119434,7871b378tob180to38b2to47eato978917a6769b
true,pyaes-0,false,2593608,2.590085506439209,2601420,39755f00tob86ctoda8eto3120to73e3e1d21773
true,image_processing-0,false,2040557,2.0372939109802246,2048453,851d0132toee8cto6898to1d04toe5cad6fa7c73
true,image_processing-0,false,2041256,2.0379998683929443,2048685,cb9578adto3dbftod5eeto3782to4289232e38ae
true,image_processing-0,false,2042800,2.04007339477539,2049217,a861c1abtof192to5640to7d13tof32afc47c382
true,cnn_image_classification-0,false,5631112,5.626858711242676,5638819,87c16c8eto80eato80d6todb7eto775786a6c09e
true,pyaes-0,false,2642854,2.639008045196533,2649419,baedc863to4e0eto5a79to2a63to3162d5839b94
true,image_processing-0,false,2080886,2.0776381492614746,2088264,cd77037eto9eb3to3822tof660toe52dcfbdc55b
true,dd-0,false,1172813,1.1689448356628418,1180197,dc2cb206to5ea0todd32toaf2ctoc96c7c6cb21b
true,dd-0,false,1178512,1.1745033264160156,1186438,381f5bf1tocecdto5acfto10c4to3804ac656bc2
true,cnn_image_classification-0,false,3711978,3.707787036895752,3719258,b5fe1af6to0a59toded7tode83toce3c2c64d34c
true,cnn_image_classification-0,false,1969723,1.9658262729644775,1977013,9766fa47tocc5dto8a3dtofb05toa4e29e060a4c
true,dd-0,false,1137384,1.1334631443023682,1144790,cfe5f03ato06adto0609tobe55tob96780a75c88
true,image_processing-0,false,2083706,2.0803370475769043,2091527,a41ca222toee36to8c53tob10bto173e03f8ca02
true,dd-0,false,1197108,1.1934926509857178,1204335,4c51686fto028fto0bfdto03b5to807cdbe91483
true,pyaes-0,false,2583427,2.579862594604492,2590671,a98ff790toa0a9to1edatofec3to8bebd3eeddf5
true,image_processing-0,false,2069415,2.066019058227539,2076361,5923ac9btoded9toebbbtoba6eto2cbaee65a471
true,pyaes-0,false,2569735,2.5658700466156006,2577125,1ab2c929to3ffcto327eto6394toe4d764ba9713
true,cnn_image_classification-0,false,4312146,4.308269500732422,4319719,362b8a09to9388toa512tof170tod0b7a6bec2ec
true,pyaes-0,false,2653738,2.649853229522705,2660703,18d8efc8tofccatodb28to0721toe4991e898500
true,dd-0,false,1103662,1.0996551513671875,1111060,21845a29to9e09to5c26to6244toff1de02680e8
true,image_processing-0,false,2074234,2.0710153579711914,2081807,261a83eeto10ebto5e27toe99eto33b61b198bb9
true,image_processing-0,false,2140715,2.1373486518859863,2148294,9d6bbaadto4ed5to39e3to244ctoc9d1411a4445
true,cnn_image_classification-0,false,3554446,3.5509471893310547,3561812,40f49e23toc2ccto81d2to51c6toda031531f137
true,image_processing-0,false,2068811,2.0656473636627197,2076183,902c3ea3toe956to1247tocb7fto1698f323478b
true,dd-0,false,1198583,1.1946580410003662,1206268,124997cdtoba1dtof146toe48dtoead4b1a9acf4
true,pyaes-0,false,2564673,2.5609707832336426,2572416,f7c17a8btof24btofc9dto0e0dto064de599a570
true,image_processing-0,false,2161835,2.1584997177124023,2169226,e2c299b3toe5ddto708bto14d8to08aa383c2692
true,dd-0,false,1130135,1.126475811004639,1136446,15e69185to3603to9fcbto3e8bto4cb8367fca48
true,pyaes-0,false,2551219,2.5475337505340576,2558812,c8bd28a9to8682to4b6cto3a6dtocc25f3413014
true,cnn_image_classification-0,false,5330564,5.326606273651123,5337334,e1455d61to4a51toe955tocab4to419503211c6f
true,image_processing-0,false,2127637,2.124298572540283,2135052,1300371ctof2c4tof1c7to99a8to597a8441cd29
true,pyaes-0,false,2584185,2.580800294876098,2591766,f60123e6todfa3to4d5atofad0toc0db180a0216
true,cnn_image_classification-0,false,3996330,3.9929003715515137,4003741,3cadd12dto5ef6to229ato07dcto12f4986ee41b
true,pyaes-0,false,2527021,2.5239644050598145,2534594,02f23536tof36ato1006to8c31toe7d016fbbaea
true,pyaes-0,false,2540126,2.53664231300354,2547128,3d9954b0toe675to1b6dtod72ctoe5daf81ebca1
true,image_processing-0,false,2095452,2.0922999382019043,2103433,aba39fbfto93b8toede3to78d2to108609d65ee6
true,cnn_image_classification-0,false,3788945,3.78493595123291,3796053,591ebca3to420btoec6fto06c9toc04c4eede41c
true,image_processing-0,false,2168783,2.1656672954559326,2176259,3139a9bfto07a1tof768to995bto9b4ab71818f3
true,dd-0,false,1146953,1.143359661102295,1153903,f77e2bf7to2491to95cetod8d0to9bc103246c08
true,cnn_image_classification-0,false,2318504,2.314608573913574,2325132,c00d27d0to0369tobf4bto0b93to8a3100cfad13
true,image_processing-0,false,2205140,2.2020041942596436,2211741,d35188ddto10b1to5646to2cedto80df598ddb14
true,image_processing-0,false,2178506,2.1753933429718018,2185184,1b9bae87tof06ato4aaetoa492tofb6e153b07a9
true,pyaes-0,false,2641351,2.637826919555664,2648502,3b83b0f1tob3ddto66e4tocc5ctod6c44acd24ed
true,pyaes-0,false,2665330,2.661628484725952,2672638,3da45ab5tob86eto2f4bto5495to6b61f3b89c6e
true,image_processing-0,false,2208145,2.204751253128052,2215732,8ba8accfto52ceto1d61to1108to18bc0746b692
true,dd-0,false,1125622,1.1217536926269531,1133030,3dfaba47to747btod985to8220to3a9d4546d0bc
true,cnn_image_classification-0,false,4230123,4.22594952583313,4237578,a3d8b941tod68cto723cto08eetodc122f38244e
true,pyaes-0,false,2663570,2.6594583988189697,2671052,0e6fe708to2fe7to6045to0eb2to93a2e89bdcef
true,pyaes-0,false,2661975,2.6583423614501953,2669207,c94f9e66to9379to9d01todcedto30b82c154590
true,dd-0,false,1121446,1.118001937866211,1127865,78f34c01tocc09todb3dto8022toe9be054e7896
true,image_processing-0,false,2074432,2.0715034008026123,2081819,77b19057to251ctoc3fdto86abto1239f598ab44
true,pyaes-0,false,2598797,2.595282077789306,2605747,41597d1ato39d5to44bctobae6tod5e1e1707831
true,pyaes-0,false,2567319,2.563930034637451,2574448,7e071792tod6ffto99f7to76b2to1249b9cc8890
true,image_processing-0,false,2043579,2.040161371231079,2050990,2a5b3fa5to7381to0d4dto73e4to4afd911aed11
true,pyaes-0,false,2694435,2.690633773803711,2701769,e9742af0to2f53to3b5bto2c71tof4481811c5ad
true,image_processing-0,false,2066291,2.0630948543548584,2072962,8da9a1ddto6614toee88tod0cbto01424343f53b
true,image_processing-0,false,2157263,2.153905153274536,2164531,ebbc5213to8bd7tofa9dto024cto8b428629b490
true,cnn_image_classification-0,false,3729643,3.725231647491455,3736647,b40d4a43to36bcto4ab5tof474to46916129a111
true,dd-0,false,1147607,1.1437480449676514,1154682,f4fece64toa82eto57dato0b95todbfae188fe8b
true,pyaes-0,false,2531703,2.5283029079437256,2538382,516e882eto977bto5f77toaaadto55a186d22622
true,image_processing-0,false,2093310,2.090275764465332,2100661,cfa9bc58tof97etob141to0d26toba9a9f17ea21
true,cnn_image_classification-0,false,4508448,4.503285884857178,4515811,927ebb4ato9fdctob0ddtoacf7to12af666be59e
true,image_processing-0,false,2054762,2.051511526107788,2061776,5e2d97fatoec07to8328tobc22to3c190a4a6c30
true,image_processing-0,false,2048775,2.045447826385498,2056393,1fc8dd8etoeb75toe771to63d8to2d2eb311b85d
true,cnn_image_classification-0,false,2258670,2.254992961883545,2265960,ee99c6c9to3777todc7btocca3to3adc998823f2
true,cnn_image_classification-0,false,5879001,5.874420642852783,5886045,dedcca9atoa3d4tob934toc67cto8d75548fbad9
true,image_processing-0,false,2132398,2.129055976867676,2139864,96a2bd04tof978tocd02to0b98to856f88fbcb26
true,image_processing-0,false,2158968,2.1556382179260254,2166486,c74ce15dto0dcdtob08dto9829toa88531b9bcd2
true,image_processing-0,false,2315266,2.3123393058776855,2322849,7a4a0f4eto9206toa797to1b95to346747a89aaa
true,image_processing-0,false,2065667,2.062690019607544,2073114,37b9466fto2803toccf5to5d83tobb379c2b97f0
true,cnn_image_classification-0,false,1375484,1.3717329502105713,1382526,5f54e9aeto5664to34f4to0392tof2e5919af2ee
true,cnn_image_classification-0,false,3979949,3.975558280944824,3987520,e8d332d0to22e0to61e5to2f10to6c6ca356aa87
true,image_processing-0,false,2194594,2.191122770309448,2202616,7c1465fatoe49fto9ce8to9584to9cf08a163a51
true,dd-0,false,1167031,1.1631629467010498,1174462,9f1febf7tod1b1to21abtofe99to46ebdc435755
true,cnn_image_classification-0,false,2112030,2.107419490814209,2119395,3aa70d22to2c27todb6fto951eto82cf91df45bf
true,dd-0,false,1128868,1.1249723434448242,1136004,236660cetoeb9dto5a73to9038to91c54fdade52
true,cnn_image_classification-0,false,4825530,4.821328163146973,4833163,930b3a2ctoe31btoe959todf82to22ac30226913
true,dd-0,false,1163543,1.1597900390625,1171221,c5a24450toc155to10dctocddbto1d0e04a2f0ff
true,cnn_image_classification-0,false,1416831,1.4127094745635986,1424433,c3bd23e9to6bfcto7f90toe9e8toc059ed4edb29
true,cnn_image_classification-0,false,4805232,4.8010923862457275,4812830,d6bbcf28toe265to833fto4076to2ee1006369b4
true,cnn_image_classification-0,false,2273803,2.2697973251342773,2281723,541b0d63to884ctob7cfto5981toaccf290e52bc
true,image_processing-0,false,2148130,2.1446404457092285,2155680,d79ff798tof43eto7912to6992to12f4be8024c7
true,cnn_image_classification-0,false,5204864,5.201098442077637,5212762,2cea54acto4cb1to803bto6415to3bb29854d55e
true,pyaes-0,false,2744358,2.740485191345215,2751907,59032357to1369toc7b4to470ctof1898f08bd30
true,pyaes-0,false,2840909,2.8372373580932617,2847892,c73121cfto6148to36ecto96b1to65c8a759a286
true,dd-0,false,1189157,1.1854236125946045,1196809,8010f453toea3atof299to8bb7to9659c3da972a
true,pyaes-0,false,2753937,2.750209093093872,2761395,1072421etod76ftoe505to2c13to163581b2975c
true,cnn_image_classification-0,false,6393320,6.389201879501343,6401164,893d1183toed4bto82cfto1871to948be40217d4
true,cnn_image_classification-0,false,1514612,1.5103561878204346,1521539,941123bbto0ee2to5eabtoc1c0toa812555c5077
true,dd-0,false,1238701,1.2346646785736084,1246446,d0a19a83to9866tod134toc593to1857e0c937eb
true,pyaes-0,false,2778322,2.774545192718506,2785814,5fff3ad4tof24ftodbe5to67d4to862ee3080b97
true,dd-0,false,1221427,1.2179460525512695,1228150,7640b29btoe518to8b73to669ctoa60f730d9f7c
true,cnn_image_classification-0,false,2472148,2.468106269836426,2479650,ab560d55toed23tof369to7deetoe0b6b2cb072d
true,cnn_image_classification-0,false,4418671,4.41472053527832,4426209,eab816e9to6824toe07bto72e3toda569ead609c
true,pyaes-0,false,2799628,2.7959887981414795,2806882,beb0db95to4568to8080to2349to41486598ffda
true,pyaes-0,false,2743338,2.739778995513916,2750028,dddff9beto2d12to8e92tod3a1to37f8de53a51c
true,pyaes-0,false,2766922,2.763406276702881,2773714,c34310a4tob14ato1e24tod7ectof3517870d0e9
true,image_processing-0,false,2265945,2.262644052505493,2272377,a47973e4toa2c2to3c2ctob205to1aeee61eb7cc
true,cnn_image_classification-0,false,1596901,1.5929484367370603,1604148,4e8cce45toe400to6eb9to3d8eto10521239732b
true,cnn_image_classification-0,false,5438109,5.434405326843262,5446166,1f95f729to1107tocd61to66d5to8738b4993bc5
true,dd-0,false,1265042,1.2621033191680908,1271836,0bbcf10ato7745toc558to8ad3to2d5b3b4e9fc1
true,image_processing-0,false,2243722,2.2401037216186523,2249964,47a32b92to143dto9033to5e22toe72f0fbd1ee5
true,pyaes-0,false,2722962,2.71905779838562,2730579,02402fadto61e4tof25bto564fto36f026902ba8
true,dd-0,false,1274017,1.2702534198760986,1281139,e78bf546todef3tod7b6to0e80to9fa0603fee0f
true,dd-0,false,1250378,1.2464141845703125,1257925,d4885822to2d89toc345tod4e3tod3f4a7ef2695
true,image_processing-0,false,2287087,2.283501386642456,2295124,5ee10b46toe799to7283todc3ctoaea9d5d1f91c
true,dd-0,false,1341760,1.3377091884613037,1349020,3f750a1bto6d2ftodfa1to08fftocfd9958b3ae0
true,cnn_image_classification-0,false,1785724,1.7814500331878662,1793243,b74fc664to21a3tocbdato56aatobabffe70d057
true,cnn_image_classification-0,false,2766941,2.762432813644409,2774131,5f4e69cdtoc57bto880btob30ctoc9b85573d228
true,dd-0,false,1265354,1.261672019958496,1274209,cb1bd2edtoa5dcto158cto6963to1140e24acd86
true,dd-0,false,1254138,1.2503409385681152,1261635,4a8a1283to79f5tof19ato5f29to4af8096e417a
true,cnn_image_classification-0,false,5241004,5.236755847930908,5248460,ebbf0c64to87c2to6592to88dato01a29e4980f1
true,cnn_image_classification-0,false,4873577,4.869138479232788,4881751,9c2b167cto5ce8tod9ddtoa3ddtobbe6df9dd169
true,dd-0,false,1176939,1.1728498935699463,1184549,a22678c9to8efeto84bcto2d1btoc99bba3b5f6d
true,image_processing-0,false,2161901,2.158644199371338,2169129,971d7522to519ftof96dtoc05fto2b5d8b99ac81
true,dd-0,false,1210476,1.206451654434204,1218001,69c9b1b5to616ftoe1d2to903fto2e4430261711
true,pyaes-0,false,2620922,2.6167829036712646,2628663,bb78c41etoec4eto7e2cto36cbto6a4fd41aaf82
true,cnn_image_classification-0,false,6319988,6.315714597702026,6328115,4ef4de0dtoe11bto3fc2to8a42toa13ed84fa294
true,pyaes-0,false,2708095,2.704111814498902,2715793,5436321ftod41cto4b40to6e17to5462f91503b0
true,dd-0,false,1128306,1.1243386268615725,1135862,be2be66fto2247to31aato20cdto1c4d6ae838a8
true,cnn_image_classification-0,false,2598136,2.593524932861328,2605507,1ff7d28cto0e21to8af3toabe7to852525adfa86
true,cnn_image_classification-0,false,1745517,1.7411787509918213,1752979,c8f7a7d8to6373to6302to853ato486560adc849
true,pyaes-0,false,2744461,2.740737199783325,2751345,95c44ee9to1104to41c7to2a9eto0f597582248a
true,cnn_image_classification-0,false,4453352,4.449312686920166,4460934,382084c2todbb4to0ff2toec5bto4592734d1543
true,pyaes-0,false,2723716,2.719714403152466,2731852,de327951toeb0cto790eto80f2toa482abdb33f6
true,cnn_image_classification-0,false,5307640,5.303488254547119,5315143,f252361cto9217toe921to3da7tod6e3bfca5ad3
true,cnn_image_classification-0,false,1825131,1.8214828968048096,1831891,3808ca12to4819to3d51to6ad7to341c582b5816
true,cnn_image_classification-0,false,5099217,5.095057487487793,5106572,741d7c08to4294tof021to544bto1d207b700154
true,image_processing-0,false,2257968,2.2545549869537354,2265425,0da8c82bto8f1ato3f8fto597atoece7d6d521aa
true,dd-0,false,1203013,1.19915509223938,1210209,8ef8ce5atob30cto8648to58abto5d1ad1a98ada
true,pyaes-0,false,2714835,2.7110533714294434,2722331,d2c11d41todbafto7932tob35cto657a8a8b7680
true,pyaes-0,false,2826880,2.823202610015869,2834457,61314719to76c5tocdbcto9b56to49104aec736b
true,pyaes-0,false,2807887,2.8047866821289063,2815086,41513714to5749to06b6to7c3eto79164fb965b0
true,cnn_image_classification-0,false,5134982,5.131585359573364,5141792,ed8857bctoe3c2toe31eto15e2toe6d5382b0162
true,image_processing-0,false,2272918,2.2695322036743164,2280441,0b5a1409to547eto2229to8b44toe6f6e94c2779
true,image_processing-0,false,2263148,2.2597672939300537,2270595,893f6ff8to1481tod22ato8d70toea13b2490f3e
true,cnn_image_classification-0,false,1972317,1.9678261280059817,1979960,48efb9e3to8147to4c3eto85bato211bf172a4be
true,dd-0,false,1231380,1.227405309677124,1238206,92a7ab03to545dto0ed7toc43ctoe4a8c82db46f
true,pyaes-0,false,2739529,2.73595666885376,2747079,32bd9b8ato2cd7to9e84to8653tob90648a8ff84
true,pyaes-0,false,2724920,2.7210206985473633,2732860,af41db53to9b43tob94ato6ca4tod54645f51609
true,pyaes-0,false,2737805,2.7340903282165527,2744781,0d9c2930to8890toe86fto7a28to3d125227b865
true,pyaes-0,false,2654785,2.6509881019592285,2662280,1322f2fbto674dto340btod631to84efa4329c1a
true,dd-0,false,1180152,1.1764640808105469,1187210,02bbae54toc27atoa8d0to81fdto718abff45606
true,image_processing-0,false,2230358,2.226877212524414,2237269,73768e73toc3e2to09f8to17f9to070bb98cd328
true,cnn_image_classification-0,false,1840615,1.8365283012390137,1847979,a9fe1a8cto20fato9f8dto0de7to4b5c27ecc117
true,image_processing-0,false,2128436,2.125173807144165,2136174,5fe44136to8110to0b74tob70ftod8c18bd886b7
true,cnn_image_classification-0,false,4743239,4.738992214202881,4750865,bf74b5d9toea9ato6742toe668to87aed6217ee2
true,image_processing-0,false,2135818,2.1326942443847656,2143502,730fa844tof083to11e4toc4b3to5a2fdc1b68f5
true,cnn_image_classification-0,false,6317598,6.313989639282227,6324124,7eeffdc6toa55ctofc3dto5201toed83b662207e
true,cnn_image_classification-0,false,2555384,2.5516974925994873,2562523,269c3cc7to3057to5ffatoe898to34d12bea20f1
true,dd-0,false,1109744,1.105886459350586,1115793,f831be5eto0acctodba7to091fto9513a1d552a7
true,image_processing-0,false,2160001,2.156813144683838,2167851,62bbe49btodacdto84f7to7359tof44ec160253b
true,pyaes-0,false,2698923,2.6957812309265137,2705111,7b4fdafato007dtob730tofbb8toc4839e580210
true,pyaes-0,false,2803996,2.800203561782837,2810955,31fdfe0bto3248toaa2ctoe715to4ff17d4e3958
true,pyaes-0,false,2765581,2.7620387077331543,2773070,98564855toeba7to826ftoba83to53a8af721354
true,image_processing-0,false,2228326,2.225075006484986,2235180,496f424cto6abdtoeb1fto2f08toe86b29cf6a8c
true,cnn_image_classification-0,false,5543378,5.539346933364868,5549109,f02f8b20to69d0to2158to543ftob73709feb21e
true,image_processing-0,false,2388248,2.384817361831665,2396357,faf9ab2etoa05dtob343to18d8toee4c6d54a0b8
true,image_processing-0,false,2408211,2.4046900272369385,2414493,fc7e98a7to9559to516ctocdc2to6c890857d66a
true,dd-0,false,1256194,1.252319097518921,1262544,797febf9tofedcto2fc6toe525to2bad0c89137b
true,dd-0,false,1242488,1.238525390625,1249553,13704cc4tocd63to1ceeto9e8bto5002a8072321
true,image_processing-0,false,2384875,2.3816380500793457,2392328,ee8db4d9toa414tofd92to92d2to374aabfa7e6f
true,cnn_image_classification-0,false,3005616,3.001622200012207,3012994,b8975cc8to9c7ftoa268to60c3to7a4c1d3c00ac
true,pyaes-0,false,2963319,2.9595186710357666,2970637,e7db7fe3todec7to4c56to4fe2toe9addcb0f004
true,image_processing-0,false,2492885,2.489398956298828,2499702,2535e8c0to1620to7622to5fc4tob73d46c8d6cd
true,dd-0,false,1272451,1.2687811851501465,1279049,fcce072dtod50btoa634todb5etoa950528e8e2c
true,pyaes-0,false,2990176,2.986107349395752,2997740,afa5467cto7209toa5b9toedadtoca9775647bd9
true,cnn_image_classification-0,false,2196585,2.1925501823425293,2203959,11c915fbto1372to4445toc889to70c71db09672
true,pyaes-0,false,2997796,2.994107246398926,3006092,dacdb9adto6cb5todd19to0323tod8f7fbb12d43
true,image_processing-0,false,2342120,2.338808536529541,2349329,5609aafeto198eto2504to7d19tobf53c68ac16e
true,image_processing-0,false,2294217,2.2905843257904053,2302114,40a0269atoc985to5e07toacb1toed9f115ce498
true,image_processing-0,false,2269063,2.2658441066741943,2275458,d0189b7etoe98atoc714to34f1to8cdbff91b846
true,dd-0,false,1210405,1.2064993381500244,1217462,1a959fb5to60c4to784ftode30toc013f63d3cef
true,pyaes-0,false,2784614,2.7809853553771973,2792002,24fc95f2to047cto7ca9to995eto2d19f2d09d66
true,cnn_image_classification-0,false,4629166,4.62516450881958,4635998,1497e09cto0b46to86d6tof031to8451a4c0a1c0
true,cnn_image_classification-0,false,5110533,5.106189250946045,5118696,4257c5a5to8b77to8b2bto4db2toceaebe1511ff
true,image_processing-0,false,2204959,2.2018778324127197,2212204,d7bb4b23to5f1eto997fto26ccto39ff48312270
true,image_processing-0,false,2176568,2.1729466915130615,2184630,9d63ccdbto0507tofcd5tocb7cto40fb874b8dcf
true,cnn_image_classification-0,false,5336544,5.332592248916626,5343457,1b8672fbtoa9cbtob1fbtob768toa3d30e042aa2
true,image_processing-0,false,2165426,2.1618642807006836,2172714,74321ad3to609eto2fb1toa8f4toc4a5286b54ec
true,dd-0,false,1190347,1.1864383220672607,1197282,2e74c445to1695to7e7ctofe46to88d9b9bc08a6
true,pyaes-0,false,2698489,2.6955480575561523,2705339,d3a1d261toe8d6toaa27to3c24tob18f4a4b0faa
true,image_processing-0,false,2180713,2.1771278381347656,2188210,fc37c98eto68adto7b1ato8259toae7dc7b53016
true,pyaes-0,false,2813267,2.8093082904815674,2820942,bb8b323cto825dtobbb4to1b89toe7408a283d97
true,image_processing-0,false,2290537,2.286914110183716,2298022,b59d87e4to3f81to297fto19eato2c614dd966a2
true,image_processing-0,false,2288336,2.284698486328125,2295665,3a9ef969to39c7to95aato9a19to75678670cfbf
true,dd-0,false,1172259,1.1685943603515625,1179108,ea024161todf97toe24ctoaa80to98b655bcd866
true,dd-0,false,1223837,1.219789743423462,1231881,8bf5c0cbto3b29to322btob44ato413be3e0cc7f
true,image_processing-0,false,2217166,2.2135512828826904,2224831,2b6d3486to6a47to2ce1tobf79to5131118b95b1
true,cnn_image_classification-0,false,5469996,5.46591591835022,5477998,a0176a7dtof2b3to1a7eto50fcto1e888ff2c9be
true,image_processing-0,false,2201929,2.1990346908569336,2209242,a4d900d8to1371to17abto5323to80313f3e7f1e
true,pyaes-0,false,2734209,2.730428695678711,2741529,0c23eba2to2cb3to694fto65a6to34346f07557a
true,dd-0,false,1248139,1.2440290451049805,1255814,47f7fda1to2f64to56fbto825ato52f845fb2167
true,dd-0,false,1253982,1.2499206066131592,1261698,ab169e6ftoe59btofff1tof9d6to609108445a09
true,dd-0,false,1204608,1.2006468772888184,1212040,6efa5232to71afto7b5fto330atobbb31689098d
true,cnn_image_classification-0,false,6449153,6.4433112144470215,6455559,7195e3e2to69ebtof157toce17to31dc3ec1b95b
true,dd-0,false,1182459,1.1785879135131836,1189326,bde9f410tof620to63fato75e9to70d07dcccfb0
true,pyaes-0,false,2687968,2.6839866638183594,2695333,28d2f396to01eato80e7to9e8fto474915c66ea9
true,image_processing-0,false,2128743,2.1248092651367188,2136796,e07e816cto1b30to2835to9cbbto31c25564b559
true,pyaes-0,false,2761120,2.7574615478515625,2768296,e0b6bca9tod331tob5cdtof268to2198518ca041
true,pyaes-0,false,2803143,2.799180030822754,2810834,d2cb8004to2694to8d19to7731toecaa8b8841b1
true,image_processing-0,false,2170281,2.1670753955841064,2176829,a8874a50to882fto3614to7646to7c310893a50b
true,image_processing-0,false,2249918,2.2460973262786865,2258094,5aa30f79to312fto61b3toa994toe18b214469e3
true,pyaes-0,false,2838124,2.83451771736145,2844913,775f327ftoa464to9dcdto79ectocea190fe8307
true,image_processing-0,false,2286463,2.2827999591827393,2294096,2e148031toebbato3b60toe732to8a19b00f6058
true,cnn_image_classification-0,false,5485391,5.4812774658203125,5493179,4b153d42to7de0toc943to19ffto0a0ecff645c4
true,pyaes-0,false,2810699,2.807170152664185,2817321,df9628e1to15a7todedato6464todf56eba8af5c
true,image_processing-0,false,2223909,2.217876434326172,2231252,5d05e772to4174to6446to3ec6tocca8a2608854
true,dd-0,false,1171182,1.1664395332336426,1179416,b11b7972to0761to16a7tod1cbto2b09b297b274
true,dd-0,false,1269468,1.2652432918548584,1275915,60a52547to5dc1to9c81tob599tod74068cb8561
true,dd-0,false,1253146,1.2491827011108398,1260104,459bd346tocfa7toc90btod3e2to4263ccccd7d9
true,image_processing-0,false,2222924,2.2193310260772705,2230952,08816413toa120to2d1cto0a6bto9cb9afea4e2b
true,image_processing-0,false,2218456,2.214979410171509,2224899,58c599adtoc2a3tofa9fto4610to32b874cc2da3
true,image_processing-0,false,2293456,2.289935350418091,2301130,f84e1e7cto4e11toee4etoe7d6to09bed9ef4ea4
true,cnn_image_classification-0,false,5363921,5.359734535217285,5371628,92dc93b9todf73to1211to1cf8toa3be35b42a7b
true,dd-0,false,1205129,1.2009904384613037,1212653,f7eb8770to08e5toc323to4b00to82c9483f1fb9
true,image_processing-0,false,2202895,2.199244499206543,2210285,ebdf7d07to21d6to5346to969ftof341d90cc4ef
true,pyaes-0,false,2878127,2.874586820602417,2885672,b3d66a6dto9f4fto2883to362btoc248ab28dcfe
true,cnn_image_classification-0,false,5680965,5.676778078079224,5688513,8b1e0e8eto05feto3254to9f1atoc0091dbde878
true,dd-0,false,1220300,1.2165122032165527,1227673,35be99d8to7ab1to9c54tob267to6f7103a31407
true,pyaes-0,false,2796563,2.7928247451782227,2803756,5e835c38to51bato30e2toc115toa012c80196db
true,dd-0,false,1225893,1.2224867343902588,1232870,34b8aca8to08e4to6288toa368to1e2f3467420e
true,image_processing-0,false,2350477,2.3476569652557373,2359139,2c3b6418to9e9cto7bb9to8e0fto449386573d50
true,pyaes-0,false,2824164,2.820353746414185,2831402,513d82a3toa460toc0bdtoac24to0e54454cf5ec
true,dd-0,false,1302849,1.298778772354126,1309598,6e77e0fctob6b1to5988to9df9tof209df8873db
true,image_processing-0,false,2327033,2.3232996463775635,2334067,eca58bb9to1c5dtof25dto1783to7e61c295352e
true,image_processing-0,false,2308640,2.3048698902130127,2316426,76a68b29to7f51to57a1toa8f4to5e07aabc6c7d
true,cnn_image_classification-0,false,4682048,4.677741527557373,4690227,b488c803to7e8dtof6f2to9e9atoea7e142fe0bd
true,pyaes-0,false,2809014,2.8056046962738037,2816580,c98ba18cto011eto8da6to1543to5ef1084fabca
true,dd-0,false,1201842,1.1979525089263916,1208668,170a8f9cto5623to4fceto7892toaac011fc2842
true,pyaes-0,false,2822877,2.8189635276794434,2830987,6b269c4ato7a01toaa68toe1b2to2019bafa7bd8
true,cnn_image_classification-0,false,2908594,2.905144453048706,2915194,f0566feeto65a1tob72bto5782to457d4fdbd4aa
true,image_processing-0,false,2211606,2.2081916332244873,2219208,e2303061to7fb1to655ato9392to557811723217
true,cnn_image_classification-0,false,6442096,6.436220407485962,6449971,3b6384catoa0e3to5b9bto8b6dto8011d615db60
true,cnn_image_classification-0,false,1999849,1.995824098587036,2007591,01fb407btobda9toa894to6d56tof74738753513
true,cnn_image_classification-0,false,4760072,4.755991458892822,4767032,6f314492to331dto37deto82a4tob80aa2fa0e43
true,pyaes-0,false,2584652,2.5812363624572754,2591889,07fb5ffcto6285to3c6bto3689toe2ecfe26b70a
true,image_processing-0,false,2122041,2.118539333343506,2129798,f2ed55a9toe7bato5f72to7873to42aa6e0d23e8
true,cnn_image_classification-0,false,2830019,2.825960159301758,2837418,abad7583tof328to241eto0357to49f3abb143de
true,image_processing-0,false,2218623,2.2151570320129395,2226459,973d18ecto3a9ftob0c4to14b6to7975f6be99ad
true,pyaes-0,false,2643888,2.6399543285369873,2651425,8ced6a04to41datode54to3194to11b96b6beff4
true,pyaes-0,false,2667986,2.6643178462982178,2675370,4cd5c2dfto0622to6f37to615bto39eea2c96661
true,image_processing-0,false,2218183,2.214724063873291,2225426,5352602etobc95to6e19toa3f8to1bd6c076f389
true,dd-0,false,1145456,1.1414976119995115,1152943,09f97f82tod96cto62ddtof835toa95900b231bf
true,image_processing-0,false,2183074,2.1795690059661865,2190742,2aa75deftocc39to14f8to9578to7d7bf39fd306
true,pyaes-0,false,2686111,2.6820125579833984,2694213,471b2bactofccctob3e2to9b8dto79fc7f05beff
true,cnn_image_classification-0,false,4662965,4.658383369445801,4670373,61eb8d72toe349to6c3ato5b64tode94627874f5
true,cnn_image_classification-0,false,5651557,5.647276163101196,5658329,a84b88adto3c17toae24tofb1atoc3bb59e4b880
true,cnn_image_classification-0,false,2097001,2.0927789211273193,2104015,b6b6676ftoc58bto20c4to1767toe440ed62a6a7
true,pyaes-0,false,2591445,2.587844133377075,2599005,b53518ddto17cctod33cto4ea6to0b3c661e9b49
true,cnn_image_classification-0,false,2924331,2.9204938411712646,2931963,75c398e0toa8f5to7b6ctod634to0e2592ccd322
true,image_processing-0,false,2178312,2.1752989292144775,2185562,793a1c0etoca51to9618to5ccdto38f0216ac2ae
true,image_processing-0,false,2117736,2.1141862869262695,2125204,7f2fa8f9tocf34toa54fto60cbtod59e071d6cbf
true,cnn_image_classification-0,false,5118973,5.1137402057647705,5127143,6762822cto2100to903btod409to4d9242cbc825
true,dd-0,false,1160800,1.1570444107055664,1168442,3b6254edto8091toffdato1730to106e087bbedf
true,pyaes-0,false,2679414,2.675760269165039,2686009,feee6339to0736to4c07tob114to8c7021df4200
true,image_processing-0,false,2299602,2.2961418628692627,2306990,86f28cc1tod508toe21dto82e1to4048f378999a
true,dd-0,false,1148821,1.1449322700500488,1155971,bbc18287to0a02to3adato405eto2e8ccc0abbc8
true,cnn_image_classification-0,false,2317224,2.3124256134033203,2324694,1d2df685toddeftoffe9to489cto57f1a21e5e85
true,dd-0,false,1239123,1.2351932525634766,1247250,de8258a2to118ctof891to2e86tobca2e84f4eb6
true,cnn_image_classification-0,false,7107636,7.10305643081665,7115060,316de24eto800eto4e4eto05b7to49d0fb3f8d6a
true,image_processing-0,false,2179476,2.1762402057647705,2186733,12dd07e3to1328to8ae4toa450todb5ea31b8d69
true,cnn_image_classification-0,false,5501785,5.497568845748901,5508893,c952a1cftod71etob669tofdaftoc0b6c1ac6376
true,dd-0,false,1226564,1.2225639820098877,1233905,1cbfc83eto8db2tod825to2516toe024d9ed52fe
true,pyaes-0,false,2698617,2.694713830947876,2705888,f9271e44to01afto5b18tof659to7e4f7c578a12
true,dd-0,false,1197645,1.1933979988098145,1205089,7c84cd27to6fb4to43afto21c4to467102009e06
true,cnn_image_classification-0,false,3355652,3.3517322540283203,3363107,1c7cd613to954ctob3edto2a31to01ddea80608a
true,cnn_image_classification-0,false,5170352,5.164653778076172,5178655,6b753efbto6368tob68bto36c9to5b3de010ace4
true,dd-0,false,1301518,1.2962288856506348,1308728,25ef47d2tod9b1to7729to5b39to05646458b16b
true,dd-0,false,1293846,1.2901771068572998,1301040,dade1048to3d86to876cto29e7to0443e7b1f354
true,dd-0,false,1267887,1.2640070915222168,1275167,7bbba05ctof0fetobdcato7347toa906797363d5
true,image_processing-0,false,2315060,2.311939001083374,2322147,24094de2to0290to00e3to0e76to91053fd20c56
true,image_processing-0,false,2269640,2.266542673110962,2277139,e14ec763toe9c7toff7btoc2eeto026afa671c64
true,dd-0,false,1279545,1.2756052017211914,1286349,1765f8d4to4b78to3ac2to3bbfto52834ee8af4c
true,pyaes-0,false,2791736,2.787729978561402,2800265,983722a4toe19dto5582to0179to8f937992248d
true,dd-0,false,1216683,1.2124228477478027,1224703,ea8bed88to2e29to98bdto043etobdd2d86adbe7
true,image_processing-0,false,2298485,2.2946317195892334,2306152,3df2d539tof88fto07d1tod3c1to65e9193f3279
true,pyaes-0,false,2822237,2.818373441696167,2829641,7dfcdee2to6198tobab9to628bto16bb8a6bc8e2
true,cnn_image_classification-0,false,5249011,5.244834899902344,5256041,bcb1a3d0toc412to23catoa201toac0ebb0f866c
true,cnn_image_classification-0,false,6009748,6.005059719085693,6017873,0ead6216to50a4toa21ctoe2fato2e7af96b982c
true,pyaes-0,false,2749753,2.7456462383270264,2757587,35d65284to44f4toa4d6to57d1to026d2b21a927
true,image_processing-0,false,2317420,2.3138999938964844,2324863,6eeb07b7to3dc5to6232to4fe8to01007e8f6dba
true,image_processing-0,false,2225101,2.221909284591675,2231561,d839883dto0e96to8e46to975ato06233b691003
true,dd-0,false,1141934,1.13779616355896,1149727,d4276881todc60to5553to5a7etoe4402b53dd4c
true,cnn_image_classification-0,false,2600882,2.5970842838287354,2609405,85e966eftoebbetoc378to4455to2469295bf53d
true,image_processing-0,false,2232886,2.2298121452331543,2240598,9cc99ab7to28cfto6fe7to1619to898da576d92f
true,cnn_image_classification-0,false,3425488,3.421424865722656,3432909,48775b11tobc1fto1ffbto837ato77efc01e3ba7
true,pyaes-0,false,2738198,2.7345969676971436,2745415,d813af6cto8628to558dto0734toaf2aed8c5521
true,dd-0,false,1263872,1.2598845958709717,1271236,ef188ef4to61f6toa41ctoe98etofb3581107464
true,image_processing-0,false,2257491,2.253882884979248,2265066,23ad72e5to5542to406dtoce28toc29c4b2442c2
true,cnn_image_classification-0,false,5474913,5.470742702484131,5482663,73634a20tobd5cto955bto3e3btoeddaaa8e5011
true,dd-0,false,1259334,1.2550275325775146,1267327,7702bc2ato7cd9toa046to1df3to62de53e92502
true,dd-0,false,1206418,1.2026605606079102,1213841,0ca1ca91to310dtob775toe31eto13410b45fd72
true,dd-0,false,1189683,1.1857285499572754,1197226,9d97da9fto731btof0f0to0d93tofee6880dd299
true,image_processing-0,false,2186516,2.182961940765381,2193639,7ad5aebdtoe423to920ctoad3dtob2be291f3777
true,dd-0,false,1167442,1.163499116897583,1175358,b89ca33dto6e56to821ctob5ebto7677b46e2dc0
true,image_processing-0,false,2194124,2.1908116340637207,2201533,169a2888to366eto9772to7f50to8bdb3151996e
true,image_processing-0,false,2363464,2.3597867488861084,2370516,8492913fto56b5toadd7tofe01to6f507bdbcff6
true,pyaes-0,false,2712977,2.709510564804077,2720313,ee9edd9ato415btod37ctodcf1tofd5ae290013a
true,cnn_image_classification-0,false,6770991,6.7666919231414795,6779357,5ac50c9ato63b5to5e98to47f0to4b995c2fe641
true,pyaes-0,false,2739547,2.7363667488098145,2746927,314c4597to5cfato7c3dtoe196tob49dd0ed7c75
true,cnn_image_classification-0,false,2533618,2.5290708541870117,2540980,bc7244d0to4025tocabeto2493to19b25f57ba95
true,cnn_image_classification-0,false,5017215,5.012925863265991,5024863,5b99ef74to6732tod6c8tob11atoed1b927a222f
true,cnn_image_classification-0,false,3395078,3.3908755779266357,3403000,e40d40c0to712eto6fc2to6b54tof5470f043324
true,image_processing-0,false,2215237,2.2118184566497803,2222404,37af2bf0toae2ftoaf75to27acto305ae825d197
true,dd-0,false,1177935,1.1738862991333008,1185538,747c3c5etoa2ebto647ato6efctoddda42f8c18a
true,cnn_image_classification-0,false,5179763,5.175638198852539,5187529,2a288576toa185tocb80tocf9etod83db1823a77
true,pyaes-0,false,2707796,2.7043046951293945,2714780,f56e97a7to22fdto5483toe66ato58c3560b22ca
true,dd-0,false,1198902,1.1947896480560305,1206918,95a646cdto500ctoed9fto1470to333e55430693
true,pyaes-0,false,2676181,2.672292947769165,2683796,ac2a17fbto63cbto8792toeff9to77b53cada4ae
true,cnn_image_classification-0,false,5838964,5.833767414093018,5846624,65ebb569to9c5dtoad5eto356bto43259124c3d4
true,cnn_image_classification-0,false,5108262,5.1041131019592285,5115237,34ea6ba8to88feto3e2dto7be0to17e327c7d381
true,cnn_image_classification-0,false,2023542,2.018519639968872,2030890,99e0bc24to897cto1853to242dto73de452e525a
true,pyaes-0,false,2590278,2.5866973400115967,2597397,e68a5e98to30edto80a9tobb93to1e528edbe0d8
true,dd-0,false,1123202,1.1191325187683103,1131236,909c99b5tod059to9e88to4a11tof9b4407444b9
true,dd-0,false,1219416,1.2155284881591797,1227089,7bb66facto680cto3dabto6824to413d56ce99c3
true,pyaes-0,false,2619605,2.615731000900269,2627179,7b0b24aeto60f1to9a20tob579toe3efa02485b6
true,image_processing-0,false,2192706,2.189603805541992,2199412,0d84e1e1to17a2tof429to9f32to79fe7521a5e0
true,dd-0,false,1170779,1.166837215423584,1178708,2a739e1etocec1tob339tob5c7to9d2b7d3c65f1
true,pyaes-0,false,2583760,2.5801916122436523,2591652,5a424f32to218dtobdacto2ba9tof960f042d293
true,pyaes-0,false,2545980,2.5427656173706055,2553315,5756c2aeto1dbdto1058to99a3to9da1b61b54a4
true,image_processing-0,false,2165506,2.1619677543640137,2172992,3132f22fto9cc8toef0cto0ea2to7531b528159c
true,image_processing-0,false,2063018,2.059612512588501,2070628,7b2fa51eto2833tobdfcto0802to05cfa496f646
true,pyaes-0,false,2608607,2.6049087047576904,2615900,c6d9b7ectod948toe265to9671toa5982a5b8010
true,image_processing-0,false,2148261,2.1450412273406982,2155006,aa8fb826to63b4to8316to554dto1b93f809cae0
true,pyaes-0,false,2695115,2.6913414001464844,2702369,0e6dc3d9toea82to377bto14e8to34fca975f892
true,cnn_image_classification-0,false,7028430,7.024007081985474,7036267,6f665f2ato6b0bto4458to5e5dto512856e4ded1
true,cnn_image_classification-0,false,4940869,4.936639070510864,4948179,e07b5683toaec8to7bd0to3d8atoccb50583c95a
true,cnn_image_classification-0,false,5043596,5.039632081985474,5050569,4d0f4837toe619to6992toa981to347f491c0d59
true,pyaes-0,false,2498674,2.4952409267425537,2505909,e5eff23cto0cbeto7fbeto32deto62333cfa93be
true,image_processing-0,false,2122999,2.11993408203125,2130602,05c5e10atod47etod5d6to2216toc0b03ddf43d8
true,cnn_image_classification-0,false,5960976,5.956938743591309,5968682,b394000ctoae05to8605tod5dbto7dda19768255
true,image_processing-0,false,2210573,2.207059621810913,2218018,716e4d84to62f0to020dto50cbto1d522d7fb9b6
true,cnn_image_classification-0,false,5152459,5.148271083831787,5160166,f80962c5to7727toa5c8to36dfto433499f4581f
true,cnn_image_classification-0,false,1874062,1.8709437847137451,1881612,6ed591e6to16a3tod6acto62ddto056704e7ef4d
true,cnn_image_classification-0,false,3763544,3.7586545944213863,3770556,a6bd6f5bto466bto56a1to3cbbtoa2d228aed526
true,cnn_image_classification-0,false,5503590,5.499400615692139,5510627,bb50ce0ftoe72btob794tob061tod32df0a30a7d
true,cnn_image_classification-0,false,2851714,2.846580743789673,2859061,fc8aa261to0ce3to1a0bto8b91to6e92ef4a207e
true,dd-0,false,1183122,1.1790575981140137,1190408,eafdf794to0ad4to80c5to868cto1cff42a53678
true,pyaes-0,false,2678583,2.67476487159729,2686211,988d2471todef8to5471to4f60tof22f9f9a3e02
true,pyaes-0,false,2768714,2.7648041248321533,2775799,5b5732d4to2376toa2bdtof915toee1aac54dd1e
true,image_processing-0,false,2137168,2.1336302757263184,2145261,5716bca2tob724tode3fto182fto7e12c13ba805
true,image_processing-0,false,2134586,2.1313109397888184,2140764,45bd8eddtoefa0toa201tod8feto008d84db2430
true,cnn_image_classification-0,false,5315658,5.311354875564575,5322838,d587bd59to7946toc0a0to4fedtod4036a8d8ac5
true,dd-0,false,1213706,1.2097663879394531,1221294,ae6fd957to776bto3addtode83to9249bd45e12f
true,cnn_image_classification-0,false,1983525,1.9795238971710205,1991275,27c512c3to0d8eto9ce5to4868toe9875f8dd04d
true,cnn_image_classification-0,false,2510433,2.5065720081329346,2518097,00ed3b74toa8e2toe7c3to5a0ato1f412075611d
true,pyaes-0,false,2581101,2.5777368545532227,2588662,36985e33to3fd5to788ftoe017tocd56bd14e34d
true,dd-0,false,1135563,1.1316354274749756,1142407,cea0e164toc352to8211toc8d0toe1c05c99d724
true,pyaes-0,false,2676829,2.673421621322632,2683962,2abb8072to30a3tode24toc169tob0dc97d5e8c7
true,cnn_image_classification-0,false,1882099,1.8786375522613523,1889873,c4bea890toff37tof8afto1fd3tob5a281ad4b63
true,image_processing-0,false,2452716,2.449070930480957,2459554,670691c3to336bto4f8ftocafbtoaac51f961b38
true,image_processing-0,false,2211952,2.208493709564209,2219476,b2be1fdbto6865to16d9to4432to37cdaa1c42b0
true,pyaes-0,false,2716430,2.7126638889312744,2723556,76949245to9a99to062atocec0toc6cb636b8157
true,image_processing-0,false,2336587,2.3332266807556152,2344216,9da450dbto0f1ato4fb4to4b8dto93c63607227b
true,pyaes-0,false,2711140,2.707545757293701,2718404,8ad974abto7f1btob281to9ceeto38731e09a57e
true,image_processing-0,false,2200272,2.1971940994262695,2207170,4c9b6578to6612to74f2to3210to0cefb9a7872d
true,pyaes-0,false,2734621,2.731153964996338,2741783,c4423c55to740dto5fc2tode10to74a2d937303f
true,cnn_image_classification-0,false,2467110,2.4633748531341553,2474510,778113cato1c3dto001bto1369toc3442a343dcb
true,pyaes-0,false,2595389,2.592095136642456,2603372,d46ca514to8a8ato15e1to01c5to0bc06c345e3d
true,cnn_image_classification-0,false,1946900,1.9434118270874023,1954088,d354357ato08b0tod038to20afto1fa88fbbe030
true,cnn_image_classification-0,false,5118479,5.114336729049683,5125759,d39fd706to7fb2tobc05to8ebcto713f4b0e76d0
true,pyaes-0,false,2615738,2.61267614364624,2623057,213a3e18toafc3to13f0to95cctoc6ae752dc81d
true,image_processing-0,false,2156321,2.152963638305664,2163513,5df6fa15to059bto6d8btoe9dctob13148539c3f
true,cnn_image_classification-0,false,5032647,5.028509140014648,5040016,8b713172to9d14to9780tof56eto7ee351f42c44
true,pyaes-0,false,2609760,2.606062889099121,2616671,bc83f98atoce98tob716toe0d0to5d94a84c04c5
true,dd-0,false,1082305,1.0784928798675537,1089718,5864bf33to90ebto661btoa7fctob4369a914e07
true,pyaes-0,false,2556483,2.5531725883483887,2564354,e2adfdfdto6c3cto1fe8to2ee9tocd6a97954162
true,pyaes-0,false,2554505,2.551234245300293,2562058,7f5abed4to04c1to816bto51d3toa36abcbbb8fd
true,dd-0,false,1151900,1.1480648517608645,1158966,bffc2fcfto63efto916fto375eto5ff6bf5c409b
true,dd-0,false,1162158,1.1582942008972168,1169365,c470aebbto5a75tod149to4263to50bfcab43cd0
true,cnn_image_classification-0,false,2524030,2.5197174549102783,2531642,a206fa44toc84btobdbbtoe6f1to4a3baa0a5b59
true,pyaes-0,false,2541224,2.5375070571899414,2548800,834e9adfto9e43to6296toc3a3to287f7cf963f6
true,image_processing-0,false,2122869,2.119466543197632,2130902,9382c899to2ccdto18f0tob65eto83e4212a1d9e
true,cnn_image_classification-0,false,2044442,2.039626121520996,2052021,5b4b6171to9d41to0032to1024to072597c08f33
true,pyaes-0,false,2541761,2.5379791259765625,2549387,07f79518tobb79to5e87to259dto6efd1ac2104f
true,cnn_image_classification-0,false,5603294,5.59900426864624,5610656,fe957991to831btodc5eto9f1atoa668f5cd640c
true,cnn_image_classification-0,false,5089948,5.085887670516968,5097439,29206d12to82a3to99c4to61f8toa39897302194
true,image_processing-0,false,2127182,2.1237382888793945,2134634,9823431ftobfa9to95aeto10d8to86f02cb54046
true,image_processing-0,false,2041738,2.038315534591675,2048756,d46ff6afto7ec9to7293to0fa6toc28a3bce1329
true,cnn_image_classification-0,false,2527122,2.5226659774780273,2534957,a3596d38to29c6tof8edtoe93ftof0da83bafcfe
true,cnn_image_classification-0,false,2104569,2.101018190383911,2111911,d7a6fc3btoc504tobc6fto2334to1dba41f3969e
true,pyaes-0,false,2553817,2.5505459308624268,2561820,ad58e44eto60c4tobbc5to0e8dto89502c3d8a30
true,pyaes-0,false,2572212,2.5689542293548584,2579810,7e731914to49a4to471ftob742toe9fe9499ed4d
true,image_processing-0,false,2053520,2.0506434440612793,2060271,65e19b64to4025toaee8to208bto5e68d5144a1d
true,cnn_image_classification-0,false,5165825,5.1618568897247314,5173795,da3cc7f1to9b47to38betob368to7dfcf7c8fd08
true,pyaes-0,false,2644152,2.6403164863586426,2652098,2cacb9c4toab52to7b60tocbe5tod12f137fac58
true,pyaes-0,false,2586009,2.5823283195495605,2593467,15e68154to9525tod836toaa41to7f8a6c30624e
true,image_processing-0,false,2160696,2.157275915145874,2167936,31245df0to34e5to0e66to8e1bto15ce95eb1941
true,cnn_image_classification-0,false,2156162,2.1523096561431885,2163954,b0899cbctoefc9to4921to7ddctoabfa97c4468a
true,image_processing-0,false,2167109,2.163680076599121,2174440,bea2d431to56c9to719dto4618toa80b453cb28e
true,image_processing-0,false,2169124,2.1657514572143555,2176053,95d4f026to1d44toa601to24bbto0a6791ed9ea3
true,dd-0,false,1141966,1.1382825374603271,1149391,c1bc88f7tob634to80fbto6128tocc96fe80d982
true,pyaes-0,false,2556247,2.5523974895477295,2563902,133c399dto0f64to80d5tob584to403ab80f7ffb
true,image_processing-0,false,2335528,2.332195520401001,2343044,4db25e92to8327to7c73tob4abto2c5b1e7bdc67
true,dd-0,false,1110017,1.1060919761657717,1117911,ebebc9adto307etob1dato4c74toe727d4c79bfd
true,cnn_image_classification-0,false,2604481,2.60013198852539,2611885,9d376019toc646to927ftod237toc64d7f927332
true,dd-0,false,1158260,1.1544830799102783,1165553,d4f7bdc1tobfbdto8c83to9586to0d4bc246fcd4
true,cnn_image_classification-0,false,5590181,5.586118936538696,5598035,b0118f68to2c2cto9c85to1fe4toee4d31376529
true,image_processing-0,false,2177273,2.174175977706909,2183898,4d560292to005bto84b4to1f55toa3bc14da52c6
true,pyaes-0,false,2606042,2.6022205352783203,2613225,cb23772ftoa9a8to8178to1866to0de036a2a952
true,dd-0,false,1208899,1.2048869132995603,1216902,ebdb5a07tofa2fto1cafto63c7to894bb8e8c150
true,dd-0,false,1233027,1.2289760112762451,1240445,f850edf6tof03bto3c65to7895to29c3da284126
true,cnn_image_classification-0,false,6042862,6.038570165634155,6050986,50477670to39adto637dto49ectoc5cbfe28d82b
true,image_processing-0,false,2177059,2.173701286315918,2184746,6dfa5e1eto47e4to3989to0fccto3fc352f9c2ec
true,pyaes-0,false,2676469,2.672652006149292,2684086,96118ddctob624to95e8to4191to87f215d45f97
true,dd-0,false,1230804,1.2268409729003906,1238821,50f69018to5b7ato9e7etod363tofebc0637fb64
true,image_processing-0,false,2284488,2.28084397315979,2292511,5799775etodfb0toed39to9a59tof6223745ce39
true,pyaes-0,false,2734828,2.7311367988586426,2742339,e4893112to10eato0a4btodf69to327b0c172fc0
true,dd-0,false,1196324,1.1924078464508057,1203964,95aab9ceto088dto73dfto796ctoaf781adad4a6
true,dd-0,false,1241985,1.2378473281860352,1249691,79823bcdtobf94to1746toa625to28a06d8669dc
true,image_processing-0,false,2246936,2.243501663208008,2254606,902a2b6etofc06to45b9to5cd6to489e47c02305
true,dd-0,false,1237396,1.2335333824157717,1244861,fd42f549tod5cbtocb55to5b4ctodf947db6e356
true,pyaes-0,false,2669367,2.666327714920044,2676241,023b04d3to0fbetof299toa247to328739ce29a4
true,dd-0,false,1224599,1.2206382751464844,1232116,f769edf2to76cbto4f06tob45cto6e1779c68ec2
true,dd-0,false,1248778,1.245227575302124,1256044,8698ccbdtod38btoadd4toe50fto933c1a8f06dd
true,image_processing-0,false,2141589,2.1381711959838867,2149041,39699dc8tod273to86f6tob9bbto8a81ca092f62
true,image_processing-0,false,2186377,2.1830317974090576,2193922,b79f5e28to0f94to59afto9dfcto0028e837fd6f
true,dd-0,false,1200318,1.1963629722595217,1207799,7aee2282toa02ato6225toa53ftoe21b12311a38
true,image_processing-0,false,2085451,2.0820140838623047,2093004,462b1fc6toaa59to9185to05a3to1432edbf2310
true,pyaes-0,false,2652945,2.6491246223449707,2660668,36af423bto8729to51f4to3231to962500611d9e
true,pyaes-0,false,2692118,2.688375949859619,2699610,149a5a2ato9218to70f0to98f0toc73f09dcda68
true,cnn_image_classification-0,false,2578841,2.57452130317688,2586163,addb309fto3ed0toed18to3a3eto556f7e786bd9
true,cnn_image_classification-0,false,6141904,6.137713432312012,6149397,5d4c06d6to0eb0to588dtoc891to2e8444110571
true,image_processing-0,false,2175016,2.1715917587280273,2182560,e43e5264toa7a7to4267to3afdtod9e36c41f4f4
true,cnn_image_classification-0,false,6077707,6.073915481567383,6085442,bdd93a20to2cb0toa189to9dcetodb5d4150d965
true,pyaes-0,false,2735346,2.732405662536621,2742708,8ea3d9fcto5a25tobfe5to3e3ato57c5525ece1e
true,image_processing-0,false,2185508,2.1824276447296143,2193030,2236c163tofe99toade1toe93dto1e3195b2c7a3
true,pyaes-0,false,2746029,2.742558717727661,2753098,1cf906feto7a06to63adtobe76to1025f9b30db5
true,cnn_image_classification-0,false,2954388,2.9508354663848877,2961796,68197e19to7767to627bto7007to6019138c823f
true,dd-0,false,1200349,1.1966755390167236,1208013,431be420to85betoc51eto7b27to2f366f48856b
true,image_processing-0,false,2236485,2.232975959777832,2243221,218d47d8to22e5to5289to49c5to2851496607ae
true,image_processing-0,false,2286953,2.2834842205047607,2293697,1ebecdc9tobac9to9298to074dto9fcd4b3df32f
true,image_processing-0,false,2249915,2.2467191219329834,2256665,69ef9104todb48to86c2to76b0to7f2f3613fdab
true,image_processing-0,false,2301776,2.297995090484619,2309327,b8430bc3to87d3to0c71toe3c0to3b35064bd4ba
true,image_processing-0,false,2299776,2.29632568359375,2307318,9e08b27cto4014toea7fto5eaftod53d1bb0acfb
true,dd-0,false,1223247,1.2199559211730957,1230035,b86f7f67to6f2fto6d2cto2962toa0d2d5359060
true,pyaes-0,false,2730316,2.727034330368042,2736980,f1390efctofbe2toda88to9970tob12bcf1d51e9
true,pyaes-0,false,2724248,2.7207534313201904,2732115,df25fd6bto052cto3f7dto3454tod703fa89061c
true,dd-0,false,1246760,1.2430360317230225,1253972,373de931to55c2tocd96to2f93to1a6e74feab38
true,pyaes-0,false,2654546,2.651017427444458,2662281,4371e3f3tob2f5to797dto54a2to61c936653dac
true,image_processing-0,false,2150835,2.1473193168640137,2158262,8321242ctob654toc71cto0192toc3cfad557522
true,cnn_image_classification-0,false,2617923,2.614133834838867,2625158,56ab97a0to6452tod379toee55toccc93951b9f4
true,dd-0,false,1175221,1.171619892120361,1182811,8559ac8eto7fb6tod7f3toa354to0987e2f19754
true,cnn_image_classification-0,false,2988659,2.984758138656616,2995225,2979ae3dto77a4to6b2btoc576to800f2770300a
true,cnn_image_classification-0,false,5612255,5.607943534851074,5619572,e8423d4dtoc814tobc1dto193eto0fd68da1054b
true,pyaes-0,false,2704633,2.7009646892547607,2711529,942b1b72tod384tobb0cto6773to6d4f3d85d99f
true,pyaes-0,false,2615920,2.6125903129577637,2623166,0f2e5734to22feto5ec9toc912to73d42aaba1e9
true,cnn_image_classification-0,false,4650195,4.646107196807861,4657795,59923badto8a3btoee64to66c6tob09e4b5393d3
true,dd-0,false,1141126,1.1373109817504885,1147848,80416db6to06cbto37datofd04to1551c4e4245e
true,pyaes-0,false,2506422,2.502800703048706,2513849,53402946to0723to3de2to448ctofdac72abc979
true,dd-0,false,1078244,1.0743775367736816,1085772,cd503002tocc2ctof52dto5a97to93779eeb96e0
true,cnn_image_classification-0,false,3217015,3.2124853134155273,3224994,df380281to8be2to9a23to3489to1064daf415ed
true,cnn_image_classification-0,false,5992400,5.988506317138672,5999292,5ea095datob2dctoe299to088dtob34c8eb02f63
true,image_processing-0,false,2270698,2.2675318717956543,2277816,eda415ceto6dfatoaf4ctoa395to68ca5152245b
true,dd-0,false,1221613,1.2180259227752686,1228840,039fb4d5to8777toc0d3tofdf0toee992a62deca
true,cnn_image_classification-0,false,6385382,6.381108522415161,6392336,0040011dto69bbto6194to920bto43d151b7ec40
true,dd-0,false,1255089,1.2509925365447998,1262473,8d56fcddtod89dtoc9d5tob7e3to75923c146c3d
true,pyaes-0,false,2731390,2.727445125579834,2738706,ed2d6b40tod83ato1759to5e08to7c352b8cb3f5
true,cnn_image_classification-0,false,2887590,2.883513927459717,2895074,e7da626ato3232to7907toce16to230e7316cbdc
true,image_processing-0,false,2278054,2.274664878845215,2285836,77ceebceto5ee3to6274to58fcto5290f3444658
true,dd-0,false,1240869,1.2371153831481934,1247245,ccdb1d47to9646to1941to9fd3to123201acc19a
true,dd-0,false,1242843,1.2390398979187012,1249452,7154510cto72edto7419to022bto754aa0f4e032
true,pyaes-0,false,2890338,2.8865036964416504,2897011,19da8c53to420bto4870to9f33tob1a3d4188124
true,pyaes-0,false,2801605,2.798027515411377,2808738,ffca34bfto589bto05d5to9734to8df15e5ea0e5
true,image_processing-0,false,2339146,2.335683822631836,2345598,c0e9a780toa420to5623to0786toa305abb43467
true,pyaes-0,false,2864459,2.8606390953063965,2872677,3828692ato3019toa2ccto067cto0820f2bceba2
true,image_processing-0,false,2252838,2.2492990493774414,2260888,4629aaa8tofdbdto00e7to9826to44d7471eb195
true,dd-0,false,1243626,1.2398676872253418,1251010,b328d657to2178to5cb1to7635to40a5dd2a7079
true,pyaes-0,false,2777431,2.7740023136138916,2784993,13a1c533toa884to2d20tof4a4to4fde46d69370
true,image_processing-0,false,2543050,2.5392353534698486,2550458,52dd2a04to456dtoee3cto3848to6d4d68c9a675
true,pyaes-0,false,2867009,2.863424062728882,2874284,8cca28bcto2ef5toa2b1tod40cto6f551c455e6c
true,image_processing-0,false,2263456,2.259255886077881,2270117,fec52344to6886tod056to99f5tof1db50f383e1
true,pyaes-0,false,2815775,2.812416076660156,2822767,c542e0c9to4806to23d2toa9b5to14c9e04bb8c6
true,dd-0,false,1209619,1.205904483795166,1216771,d07a805bto6754toc284to0e50tof0130b0d475c
true,cnn_image_classification-0,false,3264472,3.259482145309448,3270966,26844bd0toc084tod639to761eto9668ceaec7ea
true,dd-0,false,1212732,1.208756685256958,1220445,4e6a0a02to68afto8c14to11b6to8ed4309a8b60
true,pyaes-0,false,2754499,2.750713586807251,2761912,034a2500to835eto3ff5to351dto14d97f925ceb
true,cnn_image_classification-0,false,2874401,2.8702690601348877,2882576,451f3b59toa2beto8291todec2to717c2d6dc1d1
true,dd-0,false,1182939,1.1791980266571045,1189952,5546c0b2to753eto6640tofba2tob1c0410ca90b
true,dd-0,false,1223077,1.219308614730835,1230601,abdf2859todcbfto8588toe79etodfd410b64738
true,pyaes-0,false,2744342,2.740598201751709,2751707,4ad84470tof34dto40b5to50a1tof18169c6ed11
true,image_processing-0,false,2199237,2.1958425045013428,2206696,afcc6126to02bdto85e7to981cto340741808e2b
true,pyaes-0,false,2687536,2.684321403503418,2695452,d8b22d22toff1dtoc1a5to5d28tod0fefe356e02
true,cnn_image_classification-0,false,5140718,5.136960029602051,5148009,63d5589bto5375to43cctodf88to0c0de9e0fa21
true,pyaes-0,false,2760849,2.757397413253784,2768186,0cd2ce1ctod090to5597to43fdto945c6fce4ec5
true,cnn_image_classification-0,false,5737108,5.733111381530762,5744877,1e8ddf19toccddto1968to9c92to2791c4373b28
true,dd-0,false,1240770,1.2368261814117432,1248034,99c9b776to9494to122btof38eto2ed49521ea4a
true,image_processing-0,false,2166145,2.1631622314453125,2173116,cb7d746eto5e0eto65cato41b7tob02a56adb280
true,dd-0,false,1194800,1.1914284229278564,1201738,2c816c46tocfdctod041to5bf2tof0ba00399535
true,pyaes-0,false,2626745,2.623046398162842,2633390,e6249b7bto21b5to4012to8550tod77ac05afb51
true,dd-0,false,1232073,1.228041172027588,1239702,47c0538dtobf76toabeftoae52toce4e44999fe7
true,cnn_image_classification-0,false,6028643,6.024926424026489,6036302,b899b667to04e5toa29dto47dato64ce0b94c964
true,dd-0,false,1215887,1.211944341659546,1223301,cf5f6d39tob9efto1ae7to5b8eto2492e7381c94
true,dd-0,false,1116355,1.1124701499938965,1124156,c0342184to362fto1525to273eto25d2bfae15a0
true,pyaes-0,false,2640821,2.637019157409668,2648789,7346093bto4efeto3eaeto834dto1d272637a50d
true,image_processing-0,false,2179253,2.1758811473846436,2186656,61ed60e4tobfbbto5016to76c1to66914ece5349
true,image_processing-0,false,2247955,2.2446086406707764,2254827,9356438cto7f2eto60dctoce01to16ef4d7cabef
true,pyaes-0,false,2658862,2.655428647994995,2665669,b7da7fe2toa3d2to53d7toca9fto9df411e16f31
true,image_processing-0,false,2146770,2.143432855606079,2153579,05328448to871atob2f1to76d0to4f4fffe23076
true,pyaes-0,false,2769678,2.7659835815429688,2776730,fd1fa6d2to6c92to2d6etoe4d6toc7fe6652a1fe
true,image_processing-0,false,2183290,2.180140733718872,2190696,ca84cdd9toce67to42a5toa4d7to1310b124bc5f
true,image_processing-0,false,2250435,2.246917963027954,2258338,7e9ac4fbto2572toa2c4to9ef6toa66c49759ef2
true,pyaes-0,false,2688616,2.684945821762085,2697598,0955bfc9to28b3tobb99to1d0fto662990ebd8c6
true,image_processing-0,false,2258553,2.2550032138824463,2265713,3f25cb1cto6410toee77to9c22to070ebd806e97
true,image_processing-0,false,2242219,2.238924026489258,2250050,30159585tob034toc9bfto82b8to9f7201436826
true,pyaes-0,false,2698261,2.69441556930542,2705761,17e57cdfto1c6ctodf03to9944to21d7533f594f
true,image_processing-0,false,2377944,2.374492883682251,2385558,5d3ef5beto4267to4788to1cedto3e1c7e0d95d5
true,cnn_image_classification-0,false,4848405,4.844691514968872,4855567,725c7296to701atoc844toa4actoc870ee70aa94
true,dd-0,false,1176560,1.173210859298706,1183313,3f08d53atob59ato3cf6to7571to567f7f7123e6
true,dd-0,false,1171823,1.1668171882629397,1178733,43ec81ddtof599tocf7atoe457toa069aa279be2
true,dd-0,false,1144657,1.1406054496765137,1152043,b939f9fctoa1bato152ato832eto28ccb11c7544
true,pyaes-0,false,2539428,2.5359785556793213,2547116,9c28834etoacd4to225ctoc332to8a790dfe79f0
true,pyaes-0,false,2551001,2.54709792137146,2558382,97b6b7c8to8c26todb0eto6367to3500a99abceb
true,image_processing-0,false,2052272,2.0488409996032715,2059792,db10acdbto2e7fto32bbtod176to42b1414e51fc
true,dd-0,false,1154401,1.150925874710083,1162358,86574ddbto01c7tob392to41c2to9228daba6471
true,image_processing-0,false,2207426,2.204012632369995,2215657,0d09e900to4461to0c00toa6e4to201461840d51
true,cnn_image_classification-0,false,6285702,6.280574798583984,6293252,d8b00711tobdf6toc3ecto0e0bto6673db7fbadd
true,cnn_image_classification-0,false,6667737,6.663408994674683,6674847,58d43e6dto30ceto6867to1e9atobcf7f50cb8c2
true,dd-0,false,1225077,1.2211511135101318,1232646,1d0e4bd7to04b4to746ato4ce3to6ad6559502ce
true,dd-0,false,1211643,1.207723617553711,1219001,1635f9acto20a9todd2etoba2btoc7d133be511b
true,dd-0,false,1210206,1.2066655158996582,1217024,71b9be55to5383to2866to86dftod999234c13e8
true,dd-0,false,1175545,1.1719367504119873,1183071,47641343to719bto0824toa6f8to34cfa580510b
true,cnn_image_classification-0,false,5287543,5.28326416015625,5295532,c46898d1tod5c0tofa49tob2aatoa1ade7e07101
true,pyaes-0,false,2619730,2.616168975830078,2626805,2af70a0cto7d9ato2590toa977to48627d930273
true,pyaes-0,false,2590745,2.587053060531616,2597834,1d7a6794to75e6to309eto7955tob22bdc47a26a
true,cnn_image_classification-0,false,2792807,2.7885429859161377,2800030,86dad09dto5799tobcafto834dtocf96e298e1ad
true,cnn_image_classification-0,false,3302693,3.2984161376953125,3310361,89430dd7to548dto0488to8655to586691b02593
true,pyaes-0,false,2653389,2.6493935585021973,2660434,ebea1f7ato19cfto144fto754ftoe3cefa11eed1
true,image_processing-0,false,2263627,2.260035991668701,2271272,e5d3d564to03e8to7f59toca51to4c1da88f2c40
true,cnn_image_classification-0,false,6329475,6.325437068939209,6336669,d0b5a40btodf25to4301to4c74to76afe477e6f7
true,image_processing-0,false,2280219,2.276686429977417,2287868,106c3947tof619to43aeto8d7eto84142f5c9fa7
true,pyaes-0,false,2721257,2.717503070831299,2728782,e9e38ec2to8b8eto8834to8a3bto72d5db283c65
true,cnn_image_classification-0,false,3654134,3.6497552394866943,3662516,0bef7b92tod089toff7eto5ba3to975a54c9764f
true,cnn_image_classification-0,false,7010590,7.0067315101623535,7017940,a1d84ec7to953ftoe910tod37btobd56cafb25c8
true,image_processing-0,false,2161820,2.1582789421081543,2169508,fae357c1tod5fbto8f8fto6eaetod19d0807ed9e
true,cnn_image_classification-0,false,5568763,5.56470251083374,5576778,5693676ftoe69eto3354tob657toaaf166c37c1f
true,dd-0,false,1208275,1.2041428089141846,1215978,512749b6to4323to2b2btoa60ato72c35427539f
true,cnn_image_classification-0,false,3245888,3.240696430206299,3252682,e678c836tod6bdto89feto1a75to99ba51e7f8ec
true,image_processing-0,false,2197991,2.19447660446167,2205764,805d6c41to0141to8acetoc7datobc891893e84f
true,dd-0,false,1195729,1.1918280124664309,1202775,777987b5to985dto975ftoebc3to8a2674e9d2aa
true,dd-0,false,1255045,1.2509520053863523,1262846,19de7755tobb1eto5311tod499to80c758e82176
true,pyaes-0,false,2721868,2.7180871963500977,2729680,22b8a8f0to5fe4to057ftobcf7to7edda2923537
true,dd-0,false,1285386,1.2815930843353271,1292976,5265044ato3aecto4a0dtob095toe8d332cdf7a3
true,pyaes-0,false,2782222,2.7783870697021484,2790264,31b4e589tocf9ctocfe1to1f52to79ad085649f2
true,dd-0,false,1240292,1.23683762550354,1246833,ecef212dtoba8btoacafto62a0todaf23060c673
true,image_processing-0,false,2242840,2.239363670349121,2249851,26816179to4231to569etob5aato2c08d8eda1d4
true,cnn_image_classification-0,false,3404073,3.400181293487549,3412000,cf25a4c2to5c0cto2365toa84ato74f8d7b6425d
true,pyaes-0,false,2782108,2.7782838344573975,2789789,92993306toe4d1to90e4to9e31to2e60317c429c
true,pyaes-0,false,2677472,2.673722505569458,2685082,a80d0bafto680dto43edto3772to39eabd804df6
true,image_processing-0,false,2184678,2.1812336444854736,2193001,22b35fc9tof156tof132to4084toa1b03df0dc32
true,dd-0,false,1256732,1.252650499343872,1265327,784ad1f6to9fc2to87c8to7938tobdb828bb336d
true,dd-0,false,1194093,1.189927339553833,1200845,7c645d28to0651to4b24to6234to55ab2a3ddea1
true,pyaes-0,false,2665490,2.6617393493652344,2671979,a3bfbce2to8f32to0553toa395to1f1a30648619
true,image_processing-0,false,2147906,2.1445178985595703,2155279,23ed0f9cto9ae0to19eeto1465to6463bf8a56db
true,pyaes-0,false,2558937,2.5552351474761963,2566807,0a25c167to3e68to4db2to09e2to88b85759fd76
true,image_processing-0,false,2096289,2.093024253845215,2103727,5b1ffb93to49cfto978eto2d5fto0f56d7940c8d
true,cnn_image_classification-0,false,5106443,5.102565765380859,5113033,67c1a34ctoadb7tof8bbto02acto1b45ab25a122
true,dd-0,false,1176685,1.172828197479248,1183743,6ba40716to3ecfto3d10to9c91to96d7b3145b43
true,image_processing-0,false,2172416,2.1690804958343506,2180103,1e20b471to83d0to1d51to3956to7606535b256a
true,image_processing-0,false,2104374,2.100978374481201,2111572,49bf9a71to8007toe851to17c9to6a44b46e2a97
true,image_processing-0,false,2176214,2.17278790473938,2183773,3312f39cto736ftodb6dto793etob3c8114c0b58
true,dd-0,false,1157760,1.1539804935455322,1165190,6e431755tod435to48c2toe773to4ce0bf0c9d67
true,cnn_image_classification-0,false,6799605,6.7952587604522705,6807161,3ead28b6to9242tof646to88c8to032d0aca4a11
true,dd-0,false,1187847,1.1837825775146484,1195707,02226d85to2296to2f93to7ad7to729db9d80d2e
true,image_processing-0,false,2104288,2.10082745552063,2112290,ad4be195to4172to60b3tob454to6a5c79ad5ce7
true,pyaes-0,false,2611138,2.6078076362609863,2618623,607cee8dtoa2deto15aetodf68toe00e4ee1a46d
true,image_processing-0,false,2119837,2.1165013313293457,2127412,993205e0to8060tod0bfto2a50toc4332d030372
true,cnn_image_classification-0,false,3610312,3.60626482963562,3617825,15448b06to36b0to4b6btod8ffto743a510695dd
true,cnn_image_classification-0,false,6142855,6.138615608215332,6150337,636bc440to1c41to7a7ftocc95to77e05035fa70
true,pyaes-0,false,2716612,2.712737798690796,2724056,31e53da0toff55tod4d0to40b6to185b5685c8c2
true,pyaes-0,false,2706505,2.702756881713867,2714123,869d3c92to0518to156fto1aa0toe661dc4a216b
true,cnn_image_classification-0,false,3134435,3.130470037460327,3142031,82425c5etode53tofcf5to07b1to2363183d3c17
true,image_processing-0,false,2131613,2.128281593322754,2139452,00930ed2to8fc2to9e1cto6e3eto274ec69aa119
true,pyaes-0,false,2681462,2.6777451038360596,2689065,586114c3to1fe9to784ato54a8to350a05accf1e
true,image_processing-0,false,2216996,2.213531494140625,2224657,9f6d6050to6818to6017to47beto19f8d8497a67
true,cnn_image_classification-0,false,5590392,5.585684299468994,5597748,42748441tof984to3cd1todc49to068eb6383e59
true,image_processing-0,false,2178772,2.1756017208099365,2187016,f8a61e1dto4d62to956dtoa7e4to69d616804c72
true,cnn_image_classification-0,false,6165593,6.161630392074585,6173087,55448c0ato1ea8tocb7dto02b5tod3cef6a85ab6
true,dd-0,false,1215020,1.211028814315796,1222768,74219f3bto379dtofe9cto4143toec3e70c1f34e
true,cnn_image_classification-0,false,6453115,6.449027061462402,6460918,21d76186to19dato2e52to05fbto207989d1f1c5
true,dd-0,false,1239042,1.2349929809570313,1247219,a972ec6dtoac2ctoec85toeec5to744010a95285
true,dd-0,false,1254090,1.2500572204589844,1261603,55a52ee5to2edfto76cftofa59to7ce9ab5677d3
true,dd-0,false,1189786,1.1856534481048584,1197684,e8c63752to8060to8254to2627toa4fb2912d2aa
true,pyaes-0,false,2665086,2.661045789718628,2673213,ed6984b7to9168to128cto95b5to470c7b277c0a
true,dd-0,false,1247372,1.243340253829956,1254880,c9d2ab09to8bdctoaed3to35c1to6f086e2390ac
true,cnn_image_classification-0,false,3481925,3.4776289463043213,3489747,586f3614to82c2toac63to21b9tof0fe82c5f19a
true,dd-0,false,1166119,1.1622557640075684,1174243,5a7c2a93to7c67toa05dtoe570to31712f1afa11
true,image_processing-0,false,2207962,2.204334259033203,2215643,7ba57b55to30a6tod5c8to150eto7b36bf72b2aa
true,dd-0,false,1223297,1.2195024490356443,1230594,fd129f36to2308toe7c5to50b3tod09d9076574c
true,cnn_image_classification-0,false,8131557,8.12619137763977,8138969,723f1bb5toba4bto7e0btoa620to49229f700d0b
true,pyaes-0,false,2882328,2.8785276412963867,2890058,c9354be6toef49to9d4btocb07to1052c050bf50
true,image_processing-0,false,2328430,2.324876070022583,2336388,7bfd26d0to14acto0fdftocd58to61e8d583af58
true,image_processing-0,false,2331947,2.328402042388916,2339103,ff2bebf8toeed7to047ctof7c7toae896171903b
true,cnn_image_classification-0,false,7015328,7.010452747344971,7023368,b5e4fddftoe0e0to484dtoedddtocb458b961259
true,dd-0,false,1302378,1.298649549484253,1309578,72963f03tob4c0tod02etoc5aatoa25b541dc143
true,dd-0,false,1354498,1.3510463237762451,1363442,c70859b1to7ec3tofcb7to80fbto0c943e17867d
true,image_processing-0,false,2321244,2.3177239894866943,2327299,590d03f3toc9b7to4cffto0c8atof731b6466fd9
true,image_processing-0,false,2365755,2.362144708633423,2373568,06145667tofb34to0499toc70dto52dc6dd773be
true,image_processing-0,false,2255029,2.251936912536621,2262425,e52947dbtoa190to0f21to85a7to3874f17a18b3
true,dd-0,false,1292557,1.288923978805542,1299837,ccd95397to9406todd06tob8aeto36c40d7d144f
true,dd-0,false,1234829,1.2306783199310305,1242423,ef97612bto0383toc7e7to8f02tof8449ee631d9
true,pyaes-0,false,2788622,2.785168409347534,2795408,ad5643feto5f06toef6bto2e6cto7a7075462b54
true,pyaes-0,false,2867958,2.8641350269317627,2875505,5ff1a706tobd46to9127to1faato821cc58bc3e0
true,image_processing-0,false,2320213,2.3166215419769287,2327700,7a12243ftob701tobb9cto7d88to12ed673145db
true,cnn_image_classification-0,false,6488032,6.482619047164917,6496001,999cabaftodbb2to6d00to1943to21edf19f1985
true,dd-0,false,1229877,1.2264275550842283,1236882,2af1e962to99e0to5e2btoe033to74cb85a46d79
true,dd-0,false,1223437,1.219609260559082,1230825,25e50e7fto6a1fto0dc7to4022to4cfafccbbb0f
true,pyaes-0,false,2904784,2.9006736278533936,2912299,0a3badfctobf36to59fato94e8to86baa410a243
true,pyaes-0,false,2905024,2.901012659072876,2912257,2f44ab74to834cto4064toc27atodf3e1b554702
true,cnn_image_classification-0,false,6623182,6.618700981140137,6630759,775a7381to60a8toc5d2toe726to4d75a186549a
true,dd-0,false,1232878,1.2287919521331787,1241014,a8e216a3to68c6toee4ato11f8todec82542467f
true,image_processing-0,false,2322805,2.3192622661590576,2329504,3db9c831to746cto87e3to4625to297ab14d4660
true,pyaes-0,false,2892690,2.888942241668701,2899542,831e51e3toeddftoc43eto3398tobd02d5b5dfa5
true,pyaes-0,false,3180049,3.17657732963562,3186711,a8a0a07etoa829to91f0to81e7to1de4c7f45252
true,cnn_image_classification-0,false,7379944,7.376086473464966,7386935,55680d23tob574tod839tofc7eto0c1ec9585b3c
true,cnn_image_classification-0,false,4176298,4.171698808670044,4183846,2ae6b41dto1d52to3f98to8c5ato750197f95930
true,pyaes-0,false,3057312,3.0533018112182617,3064664,e6f47390tofc5fto04b0tocf55tod27514681d51
true,image_processing-0,false,2570966,2.5669119358062744,2579033,9857711ctoaa9cto9e2fto0246tof27e94831832
true,dd-0,false,1337478,1.3334872722625732,1343435,f6be24b5to9e05to0d09to1003to93e248665982
true,dd-0,false,1360214,1.356156349182129,1367316,d43aba68to379eto493dto14dfto31e05f84be35
true,dd-0,false,1372024,1.368314504623413,1379148,11cb511cto4150to64f4to1a8dtobb986b85d800
true,dd-0,false,1415322,1.4118735790252686,1421700,bf0872aeto4dc3tob003tofd78to78c37e81cdc6
true,cnn_image_classification-0,false,4610980,4.60664701461792,4618667,bbaaa779to9495toccccto8af5tod9f30e7d81dd
true,cnn_image_classification-0,false,7439456,7.435081958770752,7447612,602ff584to3d09todc8bto3962toae14db06a8de
true,dd-0,false,1481965,1.4781763553619385,1488490,1764283ctob3adto41aato1d33to51dffe15604a
true,image_processing-0,false,2560384,2.5567500591278076,2567078,e60737e1to0214to6a9ato55aato9a964f745380
true,dd-0,false,1413706,1.409430980682373,1421431,ec5b26e1to3c05to7484tofe29tofa237f74f010
true,pyaes-0,false,3089248,3.085752010345459,3096737,96c2d8a3to3ee8to5b8bto367dto427739bb7167
true,image_processing-0,false,2458973,2.45491886138916,2467085,b48f491eto197bto3a92toa460toa0d759f0023f
true,dd-0,true,1148179,1.0111937522888184,1996052,7572d72etoc4d2to0a93toadfetof10c52ce0d3c
true,image_processing-0,false,2407922,2.4043526649475098,2415102,de6d971ato8af6to93aeto567ftof974e0dceae9
true,cnn_image_classification-0,false,4217022,4.213882923126221,4222535,3a066525to5a2bto6813tob2acto7d4d1fc41a08
true,dd-0,false,1232324,1.2286767959594729,1238136,a0975928to40b4tod680toea16to68c0787d8f60
true,pyaes-0,false,2911189,2.9058172702789307,2917338,13da01a9to67a9toc914to0f8bto4031d34afc29
true,image_processing-0,false,2396284,2.392695188522339,2402031,d60cfcd9tobf3atof0aeto6a8cto6520e9a0c99d
true,image_processing-0,false,2402152,2.3983263969421387,2411120,6a4da6bfto30fdto40c1to25a5to451806960024
true,image_processing-0,false,2403891,2.3998448848724365,2411903,0238e8f4to47a5to722cto4c1dtoa0bcd86ccf43
true,image_processing-0,false,2463318,2.4600186347961426,2470075,b82472cftoe067to4783to6bb1to0ac28a8c6c83
true,cnn_image_classification-0,false,3174709,3.169802188873291,3183079,d5a9ab3dtod36ftob848toc658toeccbeeb78d84
true,cnn_image_classification-0,false,6459917,6.455050706863403,6468155,a46b8246to082atoa29cto9ed7to453a77a82e74
true,pyaes-0,false,2916655,2.912400722503662,2923890,d096aab1toafafto477dtod0f0tobc0fe5cbce8e
true,dd-0,false,1193265,1.188965082168579,1200700,2ead5067to4e7ctobe29toafbdto2a25a1d48139
true,pyaes-0,false,2888720,2.8849868774414063,2896512,76388e99to1428toc26eto53dcto3f37955c89bd
true,cnn_image_classification-0,false,3682145,3.67687463760376,3690055,b57da416toad57tofce4to38a6to30010d032c43
true,dd-0,false,1200129,1.1959953308105469,1207574,de3fe660tofce8to89c3toadd3toe503a5a12aae
true,pyaes-0,false,2928246,2.9241020679473877,2936679,06aadc23tof4f7toc6bcto685bto504ba6e8aa7d
true,cnn_image_classification-0,false,5459695,5.454251050949097,5468412,d5b35258to721atobedfto07fetoc4114c060532
true,cnn_image_classification-0,false,6948940,6.942878723144531,6956752,0a8ff7dfto85a0to8335to1519toe83ad1f7e8ae
true,cnn_image_classification-0,true,4616782,1.6627771854400637,5550529,e3b6e68ftod2a5to6622to88f3to2c8f20cc1e9f
true,image_processing-0,false,2122754,2.1192548274993896,2130419,93582957to952dto10f7toc4d5to71fb4ed9e5f3
true,pyaes-0,false,2656075,2.6524319648742676,2663436,32eb9b96to11aeto6720to802fto6510320bc4ce
true,dd-0,false,1224423,1.2205924987792969,1231976,ccf287c1to482ato7758toc2ebtob7eea67ba4d3
true,pyaes-0,false,2631925,2.628049612045288,2639534,a5a52686to95b6to16f6to5ac6tob778edfe2076
true,dd-0,false,1178802,1.1748721599578855,1186234,d149579ato4322to87b5to9c7btof30ffe7f0864
true,image_processing-0,false,2212835,2.209357500076294,2220410,1db1fa31to3440to4dabtof743tob6998e422169
true,image_processing-0,false,2196148,2.1924312114715576,2203789,bb163018to4007toccb0to98fato00e6b5d3e974
true,pyaes-0,false,2680617,2.677293539047241,2686391,d037456btof6f8to1518tofbc2toe22856c73596
true,image_processing-0,false,2199275,2.196112632751465,2206561,9462c050to9267toefadto38f8to77df74513afa
true,dd-0,false,1115619,1.1121606826782229,1122849,f71226e8todfb9to05aatofe16to2889ec91ef26
true,image_processing-0,false,2164119,2.1607868671417236,2171557,79ccf510to45f2to21beto0e34to2430d8996259
true,cnn_image_classification-0,false,5372052,5.368305683135986,5378931,f920abaatod0a2toa8fcto4a95to3d559b8967bc
true,dd-0,false,1133270,1.1295127868652344,1141208,c94b5826toe28dtocc89toa260to4569edd05a8a
true,image_processing-0,false,2174426,2.1708908081054688,2181946,79179467to6725toc9e3to2a37todff0bdac1e23
true,pyaes-0,false,2624630,2.620759963989258,2632317,5b75279dto2726to741etofdfftoc1aa0ec0d2a3
true,dd-0,false,1156155,1.152282953262329,1163337,cd33f425to5122to1968tobdc2to2b7d77f89314
true,cnn_image_classification-0,false,1219214,1.2151787281036377,1227178,27ab439eto40b6toaf9bto2c4dto561d09ea389d
true,pyaes-0,false,2686578,2.6828746795654297,2694063,0f5a308ftoe80etod919to66e8to6e5d08f6e81b
true,dd-0,false,1186750,1.182837963104248,1194167,99d33c5fto4331toac22toa127to3efbff7fb579
true,cnn_image_classification-0,false,6934802,6.9302709102630615,6942014,c6628457to469etof66fto89ffto3b6039c23000
true,cnn_image_classification-0,false,1214771,1.2105462551116943,1222709,9c468aeato23cbto2c2dtoaf47to596395c93ab2
true,pyaes-0,false,2719136,2.7152657508850098,2726767,4277143fto5ddatod251toed80to9ce2080005ad
true,dd-0,false,1200204,1.1962673664093018,1207637,f941d0ebto140etoea22to2ae8to3c3d47bb826b
true,dd-0,false,1240944,1.2370190620422363,1248486,93ac0bb1to90f1tod673to067dto8fb90e03448a
true,dd-0,false,1235630,1.231523036956787,1243008,829ad026toca57toa8f5to764bto6fc1791e76e8
true,dd-0,false,1241108,1.2372283935546875,1248453,7ae6bd93to95dfto7149toab92to3df4a5d3ba2a
true,pyaes-0,false,2621471,2.617872714996338,2629257,d31db137to7551to2ab3to1444toa3fee1369530
true,pyaes-0,false,2721797,2.7180335521698,2728937,5a661245toe567tofbc1to98f5to4cf6dc70c24e
true,dd-0,false,1176579,1.172602653503418,1184022,23b77764tob29ato5135to8c32tob78419403207
true,image_processing-0,false,2226586,2.2230281829833984,2234092,363a2b80to2d06to3b8eto2c0atoa25326a56466
true,cnn_image_classification-0,false,1212293,1.207930088043213,1220346,5304b31ctoed47to88cato68e1to90f3d314d370
true,image_processing-0,false,2160210,2.156649589538574,2167686,74121f2ato2ba9tob5a9toe8f5tobd2fcbfae86f
true,pyaes-0,false,2589115,2.5857150554656982,2597133,7ffbe4aato6c9dtof299to94b2tobe8a7a42d41a
true,cnn_image_classification-0,false,6175285,6.170508146286011,6182987,70207c93to426dto9c0eto2db0to429c4ae35f5c
true,pyaes-0,false,2628103,2.624332904815674,2635610,e26d4666to87d7tofce5to17f9toa5da90ef82df
true,cnn_image_classification-0,false,6214055,6.210185289382935,6221403,2c26e084tocc96tob098to7195tof99a07d0e15b
true,dd-0,false,1137698,1.1336445808410645,1145335,a35bd3d5to080cto0758to96f6to1c0369d109b8
true,cnn_image_classification-0,false,5888723,5.884855031967163,5895675,ce52401cto4d9etoee20to224fto42547646bd74
true,cnn_image_classification-0,false,1540240,1.5364108085632324,1547787,722ce780to351atoef2ato36deto1d12add014c6
true,pyaes-0,false,2589927,2.58599591255188,2597896,4283a206to1526toafbfto3382to55ed76e8a627
true,dd-0,false,1089858,1.0857272148132324,1097482,26d809abto98b4to2b3btof352tob38f3fcf8f36
true,dd-0,false,1200911,1.196888446807861,1208641,a53ca7c5to88b2to36c7tof04dto764ef8507d2c
true,dd-0,false,1206296,1.2021546363830566,1213836,31612d47tof668to35bbtodce5to304b6274cd38
true,image_processing-0,false,2239889,2.2364518642425537,2247424,bf1a8f89to8db0to26e5to2d7ftoe815da870513
true,pyaes-0,false,2608646,2.605134963989258,2616067,3c04f8beto61f9to40a4to5defto5093ab1e6936
true,dd-0,false,1173117,1.1695284843444824,1180378,18cbc23atoc6bdto4b67tobb29to43708ebf7fd2
true,image_processing-0,false,2206340,2.202904462814331,2213681,65249f01toa776toc3f6to8742to18c0d5123800
true,dd-0,false,1229777,1.2257544994354248,1237452,61c808d5to6c05tof727to481ato9a9950a53ac7
true,dd-0,false,1186522,1.182396411895752,1194370,5696f5fbtoa68fto16e9toeb8etof1e6c1622d58
true,dd-0,false,1119295,1.1153099536895752,1126819,d308a93ctofa0cto3265tod03eto0a0ce00ed5ec
true,dd-0,false,1128534,1.1249713897705078,1136209,dbc328c9to6c2ctoeafftobe1ftob7f814a48288
true,cnn_image_classification-0,false,5789264,5.784951448440552,5797205,e1beeca2to3ebbtobb52to96b4tocb809bd76e94
true,cnn_image_classification-0,false,6713059,6.708184480667114,6720265,4bc2dcb6to88d7toe09dtod643to17895a475ab5
true,dd-0,false,1122785,1.1190316677093506,1130104,e30b9bf6toc019to942ato5c9cto47f8a51eb87f
true,cnn_image_classification-0,false,6571168,6.565296173095703,6578856,919a0d68to546fto90cato4489toa2bf6d5bd0ab
true,dd-0,false,1155448,1.1516237258911133,1162896,dd212f20tod0b2toa352to8cc0toee921fea2a71
true,dd-0,false,1163447,1.1597390174865725,1170635,096401eetoe38atof9d6to4e70to55ba7d91b883
true,image_processing-0,false,2177161,2.1735098361968994,2184421,16b14975toa294tof75atoefa9tof2aac2248f39
true,image_processing-0,false,2103094,2.0996453762054443,2109887,e65941f0toe447to3e01to1d7dto7ca6c1535eea
true,cnn_image_classification-0,false,7670006,7.665126323699951,7677443,167c6edfto83d6to2c32to9795todfe4906f9ffb
true,dd-0,false,1109459,1.1055495738983154,1117394,3ebefe65to94efto18d9toa208tod50d4708f9ad
true,pyaes-0,false,2585172,2.581359624862671,2592904,0adcf1f5to312etofdeftoa384to820ac1e5d279
true,cnn_image_classification-0,false,1472564,1.4681179523468018,1478730,94afbf8eto3c5bto78c8to6a9eto0ad34d73f84a
true,image_processing-0,false,2092683,2.089167833328247,2100735,40c39e9ctoeee4to8f8ato8e61to54008dd3e970
true,cnn_image_classification-0,false,3572707,3.5687966346740723,3580369,00a138cftoe1cdto5290toe06dto7d2229e76a61
true,cnn_image_classification-0,false,6570532,6.566268682479858,6578105,58833c27to9482tob211to6010to0e7608973312
true,cnn_image_classification-0,false,1456008,1.451282262802124,1463521,dc35379ato0624tofe46to9fectoea58d0660f5a
true,image_processing-0,false,2230931,2.227715253829956,2238150,15803b2etoc966tob919to7684to3d046e310535
true,pyaes-0,false,2799604,2.79568862915039,2807329,46647316tof920tof6d4to52f7tofb345a00b65b
true,cnn_image_classification-0,false,3725856,3.721974849700928,3733551,140cf4cato6a8etof1a8to260eto4aeaa7a82346
true,image_processing-0,false,2272268,2.266829252243042,2280768,99506ddeto8578toaf27to3c13toe1e5c4370b35
true,dd-0,false,1226030,1.222034931182861,1233524,884b8eb5to6a14to25e7to66aatoc6cb053f9d35
true,pyaes-0,false,2737749,2.7337982654571533,2745148,6c8879a4to151ctoc534to756dto41cdec37cae5
true,dd-0,false,1250261,1.2463831901550293,1257500,d9c5b10etofce8to8051to4f56to36952136f28b
true,cnn_image_classification-0,false,1651189,1.6472578048706057,1658709,e77e8efato5b8atoe500to02d6toba397017fa9e
true,cnn_image_classification-0,false,3035430,3.03011155128479,3043152,bb6757eatod637to6f33to721btodc6adc775efc
true,pyaes-0,false,2774034,2.770122766494751,2781299,62208068tod688to8284tod825to32278f303b6d
true,dd-0,false,1221641,1.2171680927276611,1229017,3af28feetoda83to7dbdto642atoa8b2bc98b724
true,cnn_image_classification-0,false,3609987,3.6060798168182377,3617004,b86e411cto6932to4e8dtofb74to520a649a460d
true,cnn_image_classification-0,false,6747009,6.741924285888672,6754859,2948a76dto6410to5448to9f96to4d4f6addac6d
true,pyaes-0,false,2729221,2.7258598804473877,2736697,b312f6ecto9dc3to1badto2620to38a3cacaa247
true,cnn_image_classification-0,false,1661740,1.6574554443359375,1669613,b4df5c54tob1fato7e1ftof109toea229ec4f65e
true,pyaes-0,false,2750120,2.7460570335388184,2757529,5ad584b4to4422to4778to8ca3tofd4bff48a8f3
true,dd-0,false,1249452,1.2450788021087646,1257096,ac4279d0tofea6tof065to53ecto99771782a6ca
true,cnn_image_classification-0,false,6705098,6.701166868209839,6712395,0ecf4d86tofdadto0c57to0157to83d9e596bbbe
true,cnn_image_classification-0,false,6272411,6.267947196960449,6280098,de5cf4d7tod46bto6114to35bcto248be7b657ec
true,image_processing-0,false,2268186,2.2646937370300293,2276393,2b1df4d9to4a1bto246fto08b0to1a84553fe879
true,cnn_image_classification-0,false,3621887,3.618155002593994,3629265,b7d793c9toeecetoec07tod1b5to4a5dc7ef4708
true,dd-0,false,1218467,1.2147934436798096,1225632,fab37034to15c3to1fd9to6625to358db73e2410
true,image_processing-0,false,2250461,2.2470383644104004,2257997,f5acbee9to99e5toc166to849eto876e9a1d5bc8
true,pyaes-0,false,2708869,2.7049500942230225,2716723,79021d41to691eto7f96tob0d3to7fd93b7607ab
true,pyaes-0,false,2693410,2.6896772384643555,2700730,9016e03eto23e5to242dtodeb2to8e48bcd4225b
true,pyaes-0,false,2776907,2.773000717163086,2784467,ab0d206ato6d99to1c35tob43btoc121120c1d00
true,image_processing-0,false,2189709,2.1861324310302734,2197473,914c2149todb9dto5d4btoaef0tocb443212fce7
true,dd-0,false,1182515,1.1786961555480957,1189784,1e553053tocc6fto9906to8c64to0651c9be3eb5
true,dd-0,false,1157869,1.1539406776428225,1165152,b4fedb93toe314toe159toce70to9dbdd0cecf35
true,image_processing-0,false,2243427,2.2399373054504395,2251442,a9215791toe337to76cbto0cb1tod5617b34786a
true,dd-0,false,1216957,1.212822675704956,1225042,663bf7b1tof6aftoe6f7to54d8to0b3496f7c272
true,cnn_image_classification-0,false,3878631,3.874465942382813,3886425,36e3c617to5132to6551to1e88toc3c91f7c5ef4
true,pyaes-0,false,2703257,2.6990559101104736,2711765,e4344da1to479ftoc284to6055toe82ac656b55d
true,image_processing-0,false,2225276,2.221540927886963,2233111,0116e5a8to1205tofec0tob72btoc82acebe087b
true,cnn_image_classification-0,false,3720209,3.716057777404785,3727552,2884fe5atofa71to84a6toe2c4tobbcffbcff49b
true,dd-0,false,1187786,1.183755874633789,1195372,99ea1f23to8f0bto9877to7e78to090e6c7b1f6b
true,pyaes-0,false,2758100,2.7546520233154297,2765607,bb737f6ato7a64to14dftoa6ecto26c622949db5
true,cnn_image_classification-0,false,6766837,6.761913061141968,6774501,fe6ad84cto9edetoe445to1d48to6638bb871726
true,dd-0,false,1218586,1.2144784927368164,1226458,f2575977to8267to163cto27d5tod97d85335f95
true,cnn_image_classification-0,false,7689483,7.685047626495361,7697306,a6c13358to9114to6db3tocd99tob35741e81e04
true,dd-0,false,1217568,1.2135939598083496,1225218,a99ee9c3toae0dtoae35todefato38ec5aeb27e0
true,image_processing-0,false,2240895,2.2376067638397217,2248061,d047f826to5fe5to1d96toc7fatob10674303a0e
true,pyaes-0,false,2760120,2.7561347484588623,2767825,79c3336cto6784to1017tobe91toea7695daf29d
true,dd-0,false,1273096,1.268925428390503,1280998,af5dc48bto03e2toa8bbto38a4to3b484379c905
true,image_processing-0,false,2233983,2.230477809906006,2241765,665199ebto09a7toe209to8506to3c1393ab8b1e
true,image_processing-0,false,2309801,2.3059189319610596,2317941,13bba7deto439cto3626tobdc0to7fc4f72d2c1c
true,image_processing-0,false,2283419,2.279534339904785,2291238,9deea7a6to137ctobbdeto9212to61bbe7f5445c
true,dd-0,false,1212331,1.2083837985992432,1219850,f99fb747toa8b1to18bfto3637to74e29f8ce7eb
true,pyaes-0,false,2680061,2.6762382984161377,2687722,d65261d5to2ff2to760dto0294to894ae7f8d283
true,cnn_image_classification-0,false,6581393,6.575785398483276,6588370,1b8f19a7toe73ato629cto9d98tob6af118dbb26
true,pyaes-0,false,2805019,2.8009448051452637,2812484,e51a5e48to4f00to4753to4117to6a4af216f2c5
true,cnn_image_classification-0,false,3864161,3.85999059677124,3871669,0bd07e74tod127tob906to3278toaf8dc33f732d
true,cnn_image_classification-0,false,6172111,6.167872905731201,6179584,bd9f31afto373fto52d1tof50bto1e7ac75adac3
true,cnn_image_classification-0,false,3788835,3.7845473289489746,3796271,0a4f42e6to4d14to3f4ftoefaato7fec75e6e2e3
true,dd-0,false,1214836,1.2108643054962158,1221996,1ee5f119toa896to29eeto32d4tod39945d7834a
true,image_processing-0,false,2212814,2.209594488143921,2219637,a9b87816tocb0eto7d8atocb33toc137de492d0f
true,dd-0,false,1175762,1.17158842086792,1183830,8a16540eto17acto22bfto45c0tobaba3be70ea1
true,pyaes-0,false,2696550,2.692643880844116,2703950,291979dato66b6to1f33to5240tob7388e07056f
true,cnn_image_classification-0,false,6812639,6.808165073394775,6818932,debf150eto458cto0ca1to63c0to737ee7ef8341
true,image_processing-0,false,2168144,2.164431571960449,2176763,289cb135tod3fetod4a0todce9to31f263042569
true,pyaes-0,false,2695537,2.691734552383423,2703034,7b1affd0to3a5atob826to5e47to079d80722a2e
true,pyaes-0,false,2660848,2.6571571826934814,2668503,73e7b8a4tob4bdto8d25to867ctoeecff006cdc1
true,dd-0,false,1185243,1.1811907291412354,1192165,180b7ac8to4f1cto0d0dto04f4to8cfbbc5869d6
true,image_processing-0,false,2195544,2.1920483112335205,2203158,de4d822eto2128todce2to17c8tof61c661fba0c
true,pyaes-0,false,2710487,2.7068557739257813,2717360,1d5b64d6to283ato8798to3ed4to400988bc9828
true,image_processing-0,false,2203640,2.1999597549438477,2211392,6edc5860to4903to8235to4291to6f5777156c28
true,dd-0,false,1175238,1.1712384223937988,1183193,1845ea0fto50c1tofc73to3605to6987221c6338
true,pyaes-0,false,2666515,2.662757635116577,2674186,d87384abtod20ftof492tobeb1to47cf90bbfe04
true,pyaes-0,false,2663066,2.659693479537964,2670508,423e4a43to4103toad74toae9atoba93b341164e
true,image_processing-0,false,2247145,2.2436726093292236,2255099,6bc1e226to17e2tofb5eto3603to4c17734a5769
true,image_processing-0,false,2471524,2.468204975128174,2478988,5c651ecdto7aactocf6btod8aatod4edeb4b27a6
true,pyaes-0,false,2769611,2.7660489082336426,2777034,3d5ed79etoe039to8fecto1d04toa6c524806b78
true,image_processing-0,false,2186541,2.1835296154022217,2193664,b62f5527to3717to55e9to3469tobf2c79d15f69
true,dd-0,false,1189418,1.1855437755584717,1196601,f9c04a21to921ato9c66to5783tod9ec385a85e5
true,image_processing-0,false,2191643,2.1883091926574707,2198708,054e7280to475dto56e5to02c8to75944ddd0115
true,cnn_image_classification-0,false,6530001,6.526064157485962,6537309,48be5183to8591tobd07toa824tod1bbb665709c
true,image_processing-0,false,2286563,2.282508373260498,2294219,fe4f57e2to9c13toa74etoccaatof19020b0726a
true,pyaes-0,false,2766114,2.7625811100006104,2773379,d957ac95to4935to9550toab15tofd271f7d274a
true,pyaes-0,false,2684858,2.6812503337860107,2692244,e211e28ato39aftof0e9tofc63to2c6bbcfdada9
true,dd-0,false,1230872,1.2271623611450195,1238162,297600a9to35datoc23cto850fto334d21007bbf
true,dd-0,false,1202546,1.1990699768066406,1210083,ae2074a2tofe66to8621to60c4to50449fabc51e
true,image_processing-0,false,2225279,2.221811532974243,2233207,27c68ba6to5756toe870to5cbcto5cc384192aa9
true,cnn_image_classification-0,false,6661693,6.657167673110962,6669293,68d226a3toe840to29adtocc52to3aeaeb6a5614
true,dd-0,false,1163596,1.1596064567565918,1170979,a28d8024toe524to2351toc88atofb90d21a1f38
true,image_processing-0,false,2130762,2.1272127628326416,2138037,473475a7to196etoe14cto9c1atofbc6de11c6c6
true,pyaes-0,false,2616963,2.6137447357177734,2623799,6292bf9ftob646to3dedto0459tocc26bd41599c
true,image_processing-0,false,2091168,2.0876667499542236,2098497,b6eb93c0to16f6to10d1to8125tocc22a80aa088
true,dd-0,false,1210082,1.205960750579834,1216867,96248299to221atode6eto5038to5ca611e8160d
true,dd-0,false,1244438,1.2408409118652344,1251988,a3af3db2to495fto9fd5to1f5ctob57baebd8da2
true,dd-0,false,1249738,1.246199607849121,1256505,99217fa1tod72fto647etoa2d7to532504c5b383
true,cnn_image_classification-0,false,7159662,7.154924392700195,7167541,ddb2c0bcto35bfto9af3toe6batob58d0bbec86c
true,dd-0,false,1214510,1.2103664875030518,1222052,5f0e50a9to026eto3f29to5634toe466e41065bb
true,image_processing-0,false,2135503,2.1322126388549805,2142687,851f38c8tocc48to51a3toab8ato88341522925a
true,cnn_image_classification-0,false,8324077,8.319430828094482,8332180,ffe5fc51to7172to3058tob5d6to9a091bd8a5be
true,pyaes-0,false,2629269,2.625553846359253,2636251,dd204190to4846to3025to165dto94bdf437a62b
true,dd-0,false,1147839,1.1438229084014893,1155047,28c3d881to78edto88aetobfbeto6d3f7d65be9e
true,image_processing-0,false,2155048,2.1517493724823,2162467,9be34e9ato1018toa5f5toba3fto0729d2007e85
true,pyaes-0,false,2696188,2.692393064498902,2703898,4685e5cbtoa347to59bato5fdeto0ab287ab5c4b
true,dd-0,false,1173440,1.1696386337280271,1181437,d5abc83dto28fdtoe8a8to9d6cto17cc114a4b23
true,pyaes-0,false,2842167,2.838350296020508,2849117,c99ad3bfto0f44tof69eto8117tob41bd65d05c7
true,dd-0,false,1204119,1.2001659870147705,1211509,e5fe6e8ato1d12to33bbtob622to6f6f1cd5ed4e
true,image_processing-0,false,2261083,2.257755994796753,2268437,17f73bb9toe504tof6e8to910ctob262b95d88c7
true,cnn_image_classification-0,false,6896591,6.891451835632324,6903571,bc05439atofd1ato09d7to3d99to46f06cb8e555
true,image_processing-0,false,2176455,2.1733882427215576,2183937,395ae207to6899tof449toa7f0to14cb2cbc53ac
true,cnn_image_classification-0,false,4043027,4.038683176040649,4050829,ea26403fto4580to4f68tob4b1to1107f22431bf
true,dd-0,false,1221951,1.217689037322998,1230141,bcbd00a9to6376tob268to447atof58757ffe0bb
true,image_processing-0,false,2161738,2.1583611965179443,2169293,b6fcab1btoca53to91dbtofa01tob0d3aee9735c
true,dd-0,false,1185780,1.1817693710327148,1192965,c948b88fto2078to4660to59e3to1244b912b106
true,dd-0,false,1174343,1.1703834533691406,1181884,60f17ccctof451to4a7ato41c1to218fff370cc1
true,cnn_image_classification-0,false,6939745,6.935194730758667,6947997,645b9975tod20etoacd6to3659to19309772f4c0
true,image_processing-0,false,2249085,2.2454311847686768,2257174,4f1df299to3be9to447fto4d18to73796ef39f9a
true,cnn_image_classification-0,false,4038448,4.033948183059692,4047159,f795a20bto4fe3to371dto1208to5fc4fbbb0096
true,dd-0,false,1140727,1.136747121810913,1148933,95adbfb5toce3ctoef9eto7e16toa64e742bf01e
true,dd-0,false,1142420,1.138819456100464,1149173,bfd6e0d5to7b56tod457to5855tof373811cd883
true,cnn_image_classification-0,false,6593644,6.5894036293029785,6601617,8f2eb162toaa63toeb31tof6cbto99e1a43029a2
true,cnn_image_classification-0,false,2168861,2.164726734161377,2176689,c53dfb07to1e3atob71fto2361to2b0912642d0a
true,dd-0,false,1253130,1.248971939086914,1260366,2c07278eto5b23toa7d3tob817toc63acb8af87e
true,pyaes-0,false,2821977,2.8183112144470215,2828855,2d8302deto5a8eto3957to5c33to68d3cd558566
true,pyaes-0,false,2715308,2.7117772102355957,2722474,62d246b2toe9fdtoc934to2d0ctof2b79cd28525
true,dd-0,false,1166324,1.1623060703277588,1174258,297f86abtofe3cto4062toa098tod024889dc7e5
true,image_processing-0,false,2206032,2.202613115310669,2213632,b8d53f07to5288to8cc2to1580to3f359fb98e07
true,image_processing-0,false,2180417,2.176719903945923,2188313,a18932a6tob80dtoa1f3toce9cto6bf39dbc4d0d
true,image_processing-0,false,2387505,2.3840885162353516,2395134,ac035490toc7dctoa788to5dedto23edc5d466a8
true,dd-0,false,1193743,1.190049648284912,1200601,aff6a2beto1061tocd17toff4ato2d3667bbf7ca
true,cnn_image_classification-0,false,6921802,6.917225360870361,6929468,4a2b51a5to9b09toec7ctoe695to6ad3c8aa609c
true,image_processing-0,false,2216415,2.2129945755004883,2224512,dccde68dto8c49tof9b5to032ato83298c85a61a
true,dd-0,false,1168291,1.1642789840698242,1176259,d65dd80bto4daftoa223to25e5tod8265c108e2f
true,cnn_image_classification-0,false,3733517,3.7294223308563232,3741445,6ceb93f6to520atod77ato4e00to11b2d70a85fe
true,pyaes-0,false,2695842,2.6922035217285156,2703981,7ebdf52ctod438to4c77toced5tod38aa9f85526
true,dd-0,false,1145712,1.1418445110321045,1153402,86c1112dto77c7toe95fto1ac0to8dfa9a6afcba
true,image_processing-0,false,2097810,2.094151735305786,2105829,858f6c53to4d66to86cbtof039to44e116392dda
true,pyaes-0,false,2650457,2.6466047763824463,2658098,1bbbe85ctof638to4071tob1b9to397d24b855ed
true,image_processing-0,false,2125371,2.121980667114258,2132780,72eb6e5fto1804toebbftocab9to870d4c2b15ae
true,pyaes-0,false,2650730,2.6469461917877197,2658446,630c5823to7999to42f6to59adtoebf4605ad18e
true,cnn_image_classification-0,false,6835656,6.831304550170898,6843805,0abaa401toa2c5to7551to61bdto8a005d3d02ef
true,cnn_image_classification-0,false,7027119,7.022918939590454,7034713,809a3e5eto6d97to4addto6168tod65a9439d633
true,cnn_image_classification-0,false,7633315,7.628957748413086,7640840,353ac480tofb5eto5d35to9104to5c21b9b68da1
true,pyaes-0,false,2698062,2.6942789554595947,2705588,f15567dbto776dtobd75to8d1etob463cec00d5c
true,dd-0,false,1208412,1.2044544219970703,1216266,acaebae6to3101to4524to6f9cto0cf4541faf6c
true,image_processing-0,false,2131018,2.1274452209472656,2139254,71bffab9tob3b4toa1e1to21e2to9eb342fed8e6
true,dd-0,false,1173809,1.1697192192077637,1181497,fe5a8ce6to56e3to598atoa7f7to1112959c7d8e
true,cnn_image_classification-0,false,4011908,4.007209062576294,4019781,398124f7tob78dtod025to2e91toc0bdb262b83c
true,dd-0,false,1175953,1.171954870223999,1183184,ec2432a3to3987to668etofbactod3673be2c1dc
true,dd-0,false,1137872,1.1338818073272705,1145484,60942727to1a41toe314to3c84to363a822f0aca
true,pyaes-0,false,2603336,2.5992987155914307,2611134,70e28779to4a73to4d93to8d35toc5586ea98851
true,pyaes-0,false,2671338,2.667457342147827,2678981,01b5b5d9todfe7tod990to0c81to7c46d4203d0b
true,cnn_image_classification-0,false,6247724,6.2426581382751465,6255447,668e514fto297ctoa179to532ato8689730a53d7
true,image_processing-0,false,2157983,2.154404640197754,2165652,5b9923dcto903atobbe1to8289tofbba8e668320
true,cnn_image_classification-0,false,1961839,1.9572691917419431,1968855,c3d8e9b6toc525to4f31to56ffto1bb2c538cfc4
true,dd-0,false,1162334,1.1586198806762695,1170511,2d36d21cto5a4bto2ff4toee73to1bed17475288
true,pyaes-0,false,2785766,2.781921148300171,2793146,9ff8011ftoc7f0toa487to087dto5d0cd7c33256
true,pyaes-0,false,2783072,2.779672622680664,2790881,a40e8c36to35datof3e6tof752to90ba201b02bc
true,dd-0,false,1238225,1.234034776687622,1245967,efefd1f7tob00cto28abto53e0toae62ce4c365b
true,image_processing-0,false,2266955,2.263510465621948,2274524,8ac32520tof6d7tofb4dto48c7to2be3452e4625
true,dd-0,false,1265718,1.261690616607666,1273233,101e62b6to61f8toac3eto3d83to54ab72107a9e
true,dd-0,false,1188451,1.1845250129699707,1195389,fd829a44tob8e7to8759to4c38to37e6e9c61a59
true,image_processing-0,false,2142241,2.138702154159546,2149714,a20a55f5to22ceto6dcato5805toc23816ad2d90
true,image_processing-0,false,2129093,2.125864028930664,2136608,ad614af4to250dtoeba1toac75tofd10cd69304a
true,image_processing-0,false,2103649,2.100135087966919,2110898,b3f39f5ftocd10to8ef2to33b4to64df243d5e3f
true,cnn_image_classification-0,false,3765530,3.760243177413941,3773671,88b86897tobb31to2ba1to3870to2fcb1864d0ad
true,pyaes-0,false,2662889,2.659144639968872,2670819,aeb961dfto893ato0f9atod089to3bd9892a006a
true,pyaes-0,false,2640869,2.6375653743743896,2648212,18549435to090ato2660to7c4cto4086c7b50ccb
true,pyaes-0,false,2582654,2.5793251991271973,2589733,5ccd3fd3tocc62toc2ebto8125toa599804035ec
true,cnn_image_classification-0,false,6702358,6.698469877243042,6709170,6d31ff18to92a7to6d14to035etodd7a14b7bb91
true,cnn_image_classification-0,false,7614364,7.610465049743652,7621625,d2f1a54ftoc75dto6ce5tob210to26b040475f3a
true,pyaes-0,false,2713698,2.7099571228027344,2720817,f42b1157to5e61tobaebto78f0to0b1a295ca960
true,pyaes-0,false,2657945,2.654301881790161,2665796,b1448976toe919to317eto9ccdto9493867ac082
true,pyaes-0,false,2678963,2.6752591133117676,2686440,744f5908toad28to7cb3toe5b6to113b59644867
true,cnn_image_classification-0,false,6731256,6.726592302322388,6738653,50c76d8atoef18to5b4dto8b4eto1a36c228480c
true,pyaes-0,false,2622003,2.6186065673828125,2629449,4fc5ea84to215dto0fb5to2deeto30132fd2a56a
true,cnn_image_classification-0,false,2217741,2.2127981185913086,2224909,95ef4eecto0cb9to81c5to217dtod573a7b9f290
true,dd-0,false,1185190,1.181213617324829,1192503,bc96f395to6350to036etof268to6c8874d654e9
true,dd-0,false,1159797,1.155968427658081,1166659,970d6079to5758to101btofc26to9ce7447b5ea1
true,pyaes-0,false,2767283,2.763970851898194,2774544,c48dc606to3b9atoad87to3c50tod0b89f3e7bd7
true,cnn_image_classification-0,false,2066212,2.0625252723693848,2073724,b78bc4f5to9205tofd0btobf60to74e2a807f66c
true,image_processing-0,false,2541273,2.5377938747406006,2548473,b1123903to8358to4b75to7393to55966f29b7a7
true,image_processing-0,false,2196089,2.1928443908691406,2203238,b2b59673to2684tof6fato103ctof51616cb5520
true,pyaes-0,false,2688200,2.685049533843994,2695192,e77debd2to8e76tof039toa3c7to09aa9ddf2a6f
true,image_processing-0,false,2303798,2.3004250526428223,2310998,bc1f79bdto404btofbb1to1a9btoa252d048aa56
true,pyaes-0,false,2706823,2.7029638290405273,2714791,0e566955tofad1to5793toe7a5toccf405c038bc
true,cnn_image_classification-0,false,4368235,4.364137172698975,4375747,02a9269ato6bddtof80etod520toacd6b499e386
true,dd-0,false,1232120,1.2280950546264648,1239296,700d9745to4d16tof0b8toeb00toefb4b829c0b7
true,dd-0,false,1270410,1.2661802768707275,1277976,5269cb34to99e6to9d89tobdc7toc8b6395a5d33
true,pyaes-0,false,2808810,2.805037021636963,2815083,460e0393toc64btoe4a4toc1f5to8d4fb7a1b43b
true,dd-0,false,1286428,1.282538890838623,1293986,b0e87cc9tocb1etoeabftob9bfto0f37d61852f4
true,image_processing-0,false,2298637,2.295196533203125,2307856,de845554to74d0to8e95to137etof72cb2ff30ac
true,dd-0,false,1236589,1.2326242923736572,1243960,045d65fbto56a2to0b69to5071to3b646e69ccee
true,cnn_image_classification-0,false,2261566,2.2571499347686768,2269401,7a073933to7096tob766to9165toe19460ae19ae
true,image_processing-0,false,2245146,2.241766929626465,2252517,a1bfc988to99c0to11efto848fto75feb1c119ad
true,dd-0,false,1181485,1.1774687767028809,1189006,049b99e1to9efftoacf2to3ea4to1ec1a5182b84
true,image_processing-0,false,2308887,2.305370569229126,2316412,0d6aeb87tocc6bto2119to08d9to4d098ac448f6
true,image_processing-0,false,2345768,2.342315435409546,2353172,b5cdb18eto6b1eto3907to88aeto6b8d67e1b19d
true,dd-0,false,1291974,1.2884035110473633,1298256,873bb958tobecftoee0eto6362to916dcb127bd9
true,image_processing-0,false,2315562,2.312088966369629,2323540,a31468cbto51d7to49dctob257to60045a158255
true,cnn_image_classification-0,false,8107506,8.102160453796387,8115448,375180b9to743ato37e2to07a7to2a061a2281d8
true,dd-0,false,1222905,1.2188959121704102,1230833,e7f672b4toa514toc142to9e9atobf84ffe88f2f
true,cnn_image_classification-0,false,7903949,7.899728536605835,7911095,ee456a90to9e2dto5adftod57ctoa71d46c9f489
true,dd-0,false,1258496,1.2547707557678225,1266061,07adb9bbtoe750to96a8tofe19to9746f5816a7e
true,image_processing-0,false,2294297,2.290630340576172,2302382,456c50f1tob699to635fto843dto83743e8712e2
true,image_processing-0,false,2296691,2.293149471282959,2303876,2af36bceto0bc9to47bbtofb4ctoc0983d294f3d
true,cnn_image_classification-0,false,7364570,7.359086990356445,7372333,09c62f4ftobf43tod1dcto01bctoa0bba12a6ab4
true,pyaes-0,false,2902108,2.8983452320098877,2909097,526ac354to29a9tof9c9toea5eto5555051ebfee
true,image_processing-0,false,2372218,2.368422508239746,2379404,2a55f6e3toe98ftod799toaeddto6052748ea2b9
true,cnn_image_classification-0,false,8937401,8.932255029678345,8944291,029f46deto51bbto4a3atofa52to3c64822e318c
true,pyaes-0,false,2892519,2.8888680934906006,2899729,f4a76d65to5339to1a1eto33ecto947e5c58cd04
true,pyaes-0,false,2905842,2.9019596576690674,2913408,9c19c968toae17to723fto4a65to05caa4d357dc
true,cnn_image_classification-0,false,8159755,8.155247449874878,8167286,c7619ca7to2a91to57dftocbfcto063fe754219a
true,pyaes-0,false,2967079,2.963226556777954,2974119,ade1d8dftode1etob98cto5be1toa392a917a60f
true,pyaes-0,false,2964309,2.9603240489959717,2971937,c1c9e5a3tod029toa434to51a6to0120de6372bb
true,dd-0,false,1234550,1.2307159900665283,1241689,592c5608tob1fbto7e58to0371to93c52774d4e5
true,dd-0,false,1215841,1.2122795581817627,1222903,48dc2ed4to33a8to68dftob0b5to1985ecad702f
true,dd-0,false,1270844,1.2669906616210938,1278286,254fef43tocfd3to61c2to3019to5c26560eb9d5
true,image_processing-0,false,2507766,2.5040836334228516,2515609,a8473da4to8962tob53dto8ddbto83643661034c
true,pyaes-0,false,2901633,2.897134304046631,2909510,b888389atob214to5dc0to0ad5to0aac9f7e25db
true,cnn_image_classification-0,false,5182625,5.177594900131226,5190836,1d124db9tob1dfto7462to4218to2d4f836d1f6b
true,pyaes-0,false,3015675,3.01159930229187,3023512,352775dftoefd7to1ab3to9277tobde119274d24
true,image_processing-0,false,2315687,2.3119332790374756,2323591,29f22652todb50to415ftoa3feto15ddd3084371
true,pyaes-0,false,2901812,2.89785099029541,2909183,e8dd5a31tod7detof421tofdd2to2f094aa01afd
true,cnn_image_classification-0,false,2461424,2.45648193359375,2469175,14b2b585to5be5to4961to4251to4fc3ec77f84f
true,cnn_image_classification-0,false,4835854,4.831758737564087,4843180,18cb6d29toe0feto2acbtof899to1f1d28678320
true,dd-0,false,1217625,1.21337890625,1224986,c6a80abfto24b1todf0fto9abeto72f9658daa7c
true,cnn_image_classification-0,false,4207259,4.203215599060059,4214184,e2f95d53toe4ebtoc2d2to59d4to6b0ad3d6d623
true,dd-0,false,1310419,1.3062989711761477,1318203,59a42c63tof566to0935to7a19to38663af826a1
true,image_processing-0,false,2464999,2.4608848094940186,2473279,15a197b6toeffdtobf3btob214toe9f6e1a74a11
true,cnn_image_classification-0,false,6438261,6.433599233627319,6446098,28af1295tocec6to33fbto15cato3fd2c5dcbd4b
true,cnn_image_classification-0,false,4552643,4.548224687576294,4560500,a42fe48ftod43dto3384toefd3toa564b8d4f310
true,cnn_image_classification-0,true,5017410,1.6696178913116455,5987345,51a31aebto18b3to7d5ctob9f7toece44997a741
true,dd-0,false,1465326,1.4608635902404783,1473980,a29909f5to279cto1b74to41fdto289bf7156a8f
true,image_processing-0,false,2372884,2.369028806686402,2380548,5b494118todfa8toedc2to17b2toec184116a8ee
true,dd-0,false,1329609,1.325284719467163,1337678,19c2d70atobf41tofb1fto5ca9toad836e3ef030
true,dd-0,false,1317298,1.3126683235168457,1325608,b7a7f5b4to9c02to83e1to4e78to392e8d8ca4ab
true,image_processing-0,false,2259206,2.2552194595336914,2267497,6277bd99toea8fto2ec1tod990to51ea0f3cf2a5
true,cnn_image_classification-0,false,2418818,2.41433048248291,2426164,2adad1d1to94ddtoe5e8to929fto3637974659d0
true,dd-0,false,1193889,1.1899538040161133,1201739,edc5b4d8to0b84to5234to5b03to2989e853b741
true,image_processing-0,false,2250261,2.2465360164642334,2258059,684fdd87tof873to792eto29aeto763586e4aedc
true,cnn_image_classification-0,false,7098738,7.09439492225647,7106398,419b90f6to427ftoc540todd4btoce9006e73853
true,cnn_image_classification-0,false,3988464,3.984391927719116,3996589,aad5764eto36a0to84a0todc07to06f909092af4
true,cnn_image_classification-0,false,3136909,3.132617712020874,3144419,df44ee1fto8d43toe549to10c0tocc19a4df8497
true,image_processing-0,false,2234440,2.2309303283691406,2242805,32804f26to4533to901bto11acto037aece97ab4
true,dd-0,false,1151477,1.147366285324097,1159584,a0d2e758to94aeto5c5bto8216to9028034e6cb6
true,dd-0,false,1146425,1.142479658126831,1154625,1f43da9cto8a6dto3f97to7464to9ed26a447769
true,pyaes-0,false,2875255,2.871469259262085,2882776,bd85caf6to5f86to0c40tod07atoe1475fcf5011
true,cnn_image_classification-0,false,8225718,8.21995997428894,8233188,8fd84d17to5736to05c9tof811to41cf45e80495
true,cnn_image_classification-0,false,4088536,4.084853649139404,4097170,377e93bbtod557tob1bfto0168to2cee4cabd33e
true,dd-0,false,1167243,1.1633946895599363,1175449,fb26c163to5cd5to10a6toffcdto66244854a32f
true,image_processing-0,false,2186638,2.183628797531128,2193711,e634ea52to9626to9598toce3ato2f9fa3252c86
true,image_processing-0,false,2148145,2.1447598934173584,2155690,c45bc0bdto208etofac6to0fa3tob57b438b571f
true,cnn_image_classification-0,false,3335751,3.3320343494415283,3343010,99015517toc188toc6c4tof310to1e1a41fa1236
true,cnn_image_classification-0,false,1249089,1.2444171905517578,1256780,5ad901eato631dto350etof319to1414982591fa
true,cnn_image_classification-0,false,6422512,6.417450428009033,6430009,7739dd95toca15to9a46to570eto668db34d5304
true,dd-0,false,1222145,1.218168020248413,1229803,229ac875to35bfto61d9toacdcto72e0231f777d
true,image_processing-0,false,2261625,2.2585721015930176,2268698,de57f9a5toe4e6tob6c8to7a57to1151049a2297
true,cnn_image_classification-0,false,4289040,4.285228490829468,4296974,b3c94e14to50b6toae30to4515toe993f116f379
true,cnn_image_classification-0,false,1309265,1.3054029941558838,1317105,58f8a087to1088to2ddfto23f4tob6e1380f7786
true,cnn_image_classification-0,false,7318961,7.314745426177979,7326879,63fcbcd5toc302to6ae7to0ddbtof5da5a11a640
true,pyaes-0,false,2811570,2.8078455924987793,2818803,5c880e38toe0e2to0b32tod262to575c8cfea2b5
true,pyaes-0,false,2789966,2.786630630493164,2797413,c8c9441fto12b6tocda4to0ef9tobe88fb162eec
true,image_processing-0,false,2335973,2.332350015640259,2343462,699f7628to4b20tod803to455btoca928b4a25dc
true,dd-0,false,1220292,1.2164759635925293,1227325,b664ca64tob6f1toaf37to6c73to5ff903b87cec
true,image_processing-0,false,2277429,2.2740767002105713,2283706,45ffc858tod03eto9892todb14to16692f6e4a55
true,pyaes-0,false,2810667,2.8069276809692383,2817922,9bf09f15tob899to0567to7218tob61154c67167
true,cnn_image_classification-0,false,2553730,2.5495388507843018,2561122,16d1a9dbto61fdto6379tob6ceto77cbd2f5567b
true,pyaes-0,false,3038503,3.034043073654175,3046512,d092e91ftoe19ato49b0tob32eto604f8f21e70a
true,dd-0,false,1297394,1.29351806640625,1304518,a05bbb19to5f62tod681to9ed9toe4ef5d19f1cc
true,pyaes-0,false,2864835,2.861001253128052,2872359,44360972to3d1dto4a85to505eto972bb66a2383
true,dd-0,false,1196666,1.1927807331085205,1204053,72720d9btoe03dto43e9tof544to67d6362d440c
true,cnn_image_classification-0,false,3448691,3.4441661834716797,3455891,202a9530tobc2fto8af0to5543toedb9d8da27f4
true,image_processing-0,false,2268663,2.265016555786133,2276464,5c0b81fbtoe13bto2299to5bbfto2d9eaeef9ba8
true,image_processing-0,false,2214711,2.211272954940796,2222254,483acb24tof2cctod16fto4d8eto565108ae8da8
true,image_processing-0,false,2214902,2.211519479751587,2222002,91dc2e10to77e2toce52to680fto5a5cb5fca342
true,pyaes-0,false,2697109,2.693856954574585,2705156,6baa512ftofb77tofc23to7503to4d3da7aae3f8
true,pyaes-0,false,2654393,2.651287317276001,2661451,5307b6e4to6e4eto5d33tofa1dto8bb8e62363be
true,cnn_image_classification-0,false,7585809,7.581425905227661,7592676,91110922to2e1etof878toa04ato47dea2592499
true,dd-0,false,1196123,1.1920783519744873,1203351,b980dc55to9193tod42bto4e13toc480bc0e46de
true,dd-0,false,1249946,1.2458691596984863,1257446,daf1cbe2to344dto1895to3dfeto53a008f9b13d
true,dd-0,false,1182261,1.1782853603363037,1189699,40ea8c28toa365to1701tof024to5b49d8ac3ded
true,pyaes-0,false,2675091,2.6711246967315674,2683025,4d5a3b92to10ecto32f4to7d07toe5717a1774e2
true,dd-0,false,1123005,1.1188647747039795,1130313,5a027590toae39toff5btoa69dto6bd5ef4410ca
true,cnn_image_classification-0,false,3760157,3.7546215057373047,3768227,7d8d138ctodfa6to66dbtofe3bto2a7f772725df
true,image_processing-0,false,2244577,2.2411978244781494,2251908,d8a2d430to5283to07e8to251dtof5c15469b0ed
true,dd-0,false,1131775,1.128133773803711,1138469,15b61fd9tod596to0bcdtoe4eatod87eda17c0d0
true,cnn_image_classification-0,false,9104728,9.100370407104492,9112592,f7249cbcto0109to4979to23d8to026c959a2079
true,image_processing-0,false,2320299,2.316868543624878,2328338,a9eeadb1toa661to3abfto4854to897025841d6c
true,pyaes-0,false,2726342,2.7226178646087646,2733220,f1d80092to4dcetoccbeto6249to81dac12ee88d
true,pyaes-0,false,2788319,2.7839672565460205,2796369,c601321eto5325to8fd3to4f53to5464fc80bc64
true,dd-0,false,1189178,1.1851980686187744,1196750,53042c7ato0bbctoaffatobf1ato7e7c59bfe949
true,cnn_image_classification-0,false,6921250,6.915588855743408,6929016,6ac48027to1895to8883to42d2to099918b60e7d
true,image_processing-0,false,2304350,2.30092191696167,2311661,b8746885to83ebtoe37eto0a12to92476178cf1f
true,cnn_image_classification-0,false,5037921,5.03295373916626,5045098,90c93006to367dtob6e5toe386to2aa786598bf2
true,cnn_image_classification-0,false,8485310,8.479978799819946,8491852,ebfa153btof7b3to6733to4213to385d53d42b3c
true,pyaes-0,false,2945230,2.94123911857605,2952831,2c32e101to60c9to69c5to48acto77a6ffb8802e
true,cnn_image_classification-0,false,3091394,3.086491823196411,3098518,f48c3f5fto9d62to983bto69dfto4bbd83cd0f97
true,dd-0,false,1328274,1.3241722583770752,1335736,3c118511to63d1to4835to23d3to2294861199ee
true,dd-0,false,1346002,1.3416869640350342,1352957,776d107dto205dto9e91to2c3atoca94e41054c7
true,cnn_image_classification-0,false,4954425,4.949718713760376,4962192,a18e8b3ftocf3ato9b77toce65to9bf3d6bfc6d0
true,cnn_image_classification-0,false,1589378,1.5847604274749756,1597071,cb869aa1to78f9tod390to7717to6ada98e0c5aa
true,image_processing-0,false,2497351,2.493899345397949,2504897,bbebffa6to9486toc06etof20ato8fdf702ebba3
true,dd-0,false,1343759,1.3395652770996094,1351305,6a9c8bedtoe4catoc34cto1298to8971eb6755c1
true,cnn_image_classification-0,false,7766839,7.760800838470459,7773483,7d2af652to8d93tof9b4to5489to4219f88ec88d
true,cnn_image_classification-0,false,5251942,5.2481324672698975,5259163,9ce0dea5to7ee9to1073to9738toed40d28812c1
true,pyaes-0,false,3030020,3.02607798576355,3037908,b0895e6eto5f3btoe72btob523to4884d28832bd
true,image_processing-0,false,2481962,2.478130340576172,2489297,e52be6cbtob5ecto1c3cto3069to07b67bcdb3b9
true,dd-0,false,1365454,1.3606271743774414,1373646,eb4752e7to4e86to213ftoe9fftof43c8bdb2e3f
true,dd-0,false,1365311,1.360938310623169,1373253,0171c30atod98eto84a2tobf8dto6c1500494f62
true,dd-0,false,1342781,1.337503433227539,1349012,097c3111toe34dtoa726tof6f7tof18ea8bb4afa
true,image_processing-0,false,2331898,2.3274991512298584,2339669,bfbe4d33tof352to9f12to226ato847968410058
true,dd-0,false,1245193,1.2411043643951416,1253192,bdd22f84to958dto58f4tob9e4tob33e9ee4e15e
true,cnn_image_classification-0,false,1605637,1.6008169651031494,1613583,bf825220to20dftoee3ato33c1tob3381062f617
true,cnn_image_classification-0,false,7960238,7.954904794692993,7968050,e256c541to095dtof152toaea8toe70045eb96dc
true,image_processing-0,false,2322353,2.3188326358795166,2329318,19b1c599to45eeto4d40to95c7todc686ad70eac
true,dd-0,false,1173075,1.1690213680267334,1180968,7fe1abeeto8c3ato3ea9toe5e7to6873248f2c4c
true,image_processing-0,false,2435896,2.4323174953460693,2443329,0d4c5819to94afto56d4to75d9tobf31ed61fdfe
true,image_processing-0,false,2445380,2.4418346881866455,2453000,eaa2e36bto8bcfto20a4tocdf9toa1a26285617d
true,image_processing-0,false,2379874,2.376265048980713,2387035,5da23df4to5f93to0e28to207bto8b45e721fcc6
true,pyaes-0,false,3005200,3.001490831375122,3012483,29ffb622to70deto37c0to049eto83f0029d2ee8
true,cnn_image_classification-0,false,3017761,3.013301134109497,3023845,be562542to3747to13edto9142tob9e9cd42be15
true,pyaes-0,false,2967272,2.963439702987671,2974059,489849b6to428atocafctoa5beto5e187fdbf107
true,pyaes-0,false,3075183,3.071190118789673,3082980,ac06d3a7to7143toe0a5tof640to5a12f2efecf7
true,dd-0,false,1290727,1.2866451740264893,1297623,fff3664ctoeab3tob649to329etoacb93f32f69c
true,pyaes-0,false,3169482,3.165853261947632,3175440,b089e5acto2d1ato66cbto95d7toa02d509024dc
true,dd-0,false,1264114,1.260261058807373,1271864,c7a7e96ctod12ftob7c3to2856to170aaaba013f
true,pyaes-0,false,3041306,3.0375449657440186,3048816,c84867c5to307ctod4feto6397to86c8c9971401
true,cnn_image_classification-0,false,4483900,4.478260517120361,4491430,6e032dd3to2b23to7658to4c34to29f3bb33b168
true,pyaes-0,false,2988662,2.98500657081604,2995321,274a7c07toaaf6toe5aeto4429to6d4fc15f82fc
true,cnn_image_classification-0,false,4757979,4.752762079238892,4765130,52fbf26cto4e77to2653tobc37toc58f824ee1fd
true,pyaes-0,false,2953928,2.9501707553863525,2961297,1efdba63to6977to6199toc877to215e497e6539
true,pyaes-0,false,2959471,2.9556145668029785,2967115,3b41ac55to81cftocb89to7825tob24875d03435
true,pyaes-0,false,3082399,3.078911066055298,3089353,e4caceceto3b49to2e8bto4e10to976963f31415
true,pyaes-0,true,2968244,2.828289747238159,3811354,a095d5ccto7cd1to656dtoeab1tof1c9a8b6e41f
true,image_processing-0,false,2340474,2.3372247219085693,2347924,dafeef5ato307atof8ectoe857to8db218eafdbd
true,cnn_image_classification-0,false,5372917,5.368798017501831,5379700,a221c880to766cto807btoe70eto5f89eb275fd5
true,dd-0,false,1304522,1.3014848232269287,1309821,644242d9to11abto4a3dtoc5bbtoa151fb29401a
true,dd-0,false,1260772,1.2576699256896973,1266856,1ac596c3tofadcto28a4tobe0ato9c6501ad8228
true,image_processing-0,false,2313233,2.31070876121521,2319427,ccefdf8btoa206tod5fdto82a8to7820a81f3f92
true,image_processing-0,false,2296531,2.2931365966796875,2303342,74e0267eto4f99tobf15tof932to888d43ed9c74
true,cnn_image_classification-0,false,9522058,9.516409158706663,9529614,3c5e4a8btof5ecto8aa4to9fc6to44a24c5c9ee0
true,pyaes-0,false,2797593,2.7936670780181885,2804525,abdc76ddtoae2ftof564toc992tof6d2e57434d3
true,cnn_image_classification-0,false,8631049,8.626518726348877,8641282,38e9af53to1dffto8148to7bcctoa9bc52b3bf51
true,cnn_image_classification-0,false,2997143,2.9933207035064697,3004109,46a0ac90tof631to259dto4e28to5c4437c9fad7
true,cnn_image_classification-0,false,7782225,7.777755975723267,7789282,9cede616tob1d7to66ceto3dd4tobf281cad1e03
true,dd-0,false,1233113,1.2288587093353271,1240819,29044bd8toc4dfto9b83toc9eftobe6353128fb8
true,dd-0,false,1256901,1.2530386447906494,1264958,70b2e42eto4684tode8dtob7ddto7c33240bd139
true,cnn_image_classification-0,false,7126170,7.121513366699219,7132880,704bfb4cto4b85to4d01toca80to839aef6a3ee1
true,dd-0,false,1259900,1.2556850910186768,1267679,bbe4023ato66b3todcb4to2301to60c7f1ed9201
true,cnn_image_classification-0,false,1663032,1.6581196784973145,1670033,77e7f6f9to7fc9tod0c0toab7dtoe5289c2ec998
true,dd-0,false,1306812,1.3021974563598633,1314643,00a17f8dto4ba5toaa0atof451tod4d7d8b0107b
true,cnn_image_classification-0,false,4854074,4.849177360534668,4862429,744e6c74to0e17to9070toc60dtofb7249f4e6ee
true,dd-0,false,1263023,1.2590444087982178,1269877,1bdda809to2850tof635tof6dcto9000197f350b
true,dd-0,false,1257724,1.2537994384765625,1264894,d18056e1to9d80tof509tobcbdto5a405d7046b0
true,image_processing-0,false,2345703,2.3415491580963135,2354501,8bf4e817tof96btoa518to75fatoe6efc3bb0b25
true,cnn_image_classification-0,false,4948992,4.9446327686309814,4956190,6e7db0e0to0fadto68b4to5556to85c3089a621a
true,pyaes-0,false,3227574,3.223602056503296,3234681,ac7ebc13to6506to6f99to38b4to37985a7a1202
true,pyaes-0,false,2858113,2.8536217212677,2865210,037e314ctoc8b1to3973toe94ctof7db285c7b83
true,pyaes-0,false,3175239,3.1716904640197754,3182662,357be2dbto7808to2e20to1848tod8c7b6aa0ae4
true,image_processing-0,false,2364874,2.361905813217163,2371176,d5ac0e61to3797to6042to4fccto699897d5085f
true,image_processing-0,false,2353390,2.349931240081787,2360556,c8f1b917to7d6ftoeb22to9f83to74ec9eb6845a
true,cnn_image_classification-0,false,3048923,3.044445753097534,3055839,32c9636bto282dtoacbeto1242toba49708aa991
true,pyaes-0,false,2936432,2.93283748626709,2943874,23c76c32to0891toec16to3db3to3f2b4efd8233
true,dd-0,false,1282087,1.2781667709350586,1288797,67b3aaa8to8b30to5bdftob9fato8219e613ea3a
true,cnn_image_classification-0,false,5350877,5.346473693847656,5358739,d8f8d4c2to992dtoe456to22c6to09b00d3590e9
true,pyaes-0,false,3020049,3.0160024166107178,3027614,0d50ad20to46c2to51fato5699to2c1098afe9b0
true,pyaes-0,false,2986196,2.9819581508636475,2992724,bd190246to0d85todfb7to5723tof8657801d6de
true,pyaes-0,false,2999351,2.995224714279175,3006762,50cc38efto4a25to9294to07edtoed7e0999df42
true,image_processing-0,false,2421358,2.417732000350952,2428860,173b98c6toaa11to1d9eto66f4tob453b2c1b674
true,dd-0,false,1332851,1.3287122249603271,1340600,99ca0a1ftoc144to706ctof8b1toa7c336d1a7ce
true,dd-0,false,1369098,1.3652310371398926,1374793,402ed011to74fetoceectoecb9to93d7dc6cb945
true,cnn_image_classification-0,false,1776206,1.7713115215301514,1782545,f63ac268tobbb8to8082toe1d0to8af544466e21
true,cnn_image_classification-0,false,8066271,8.061152935028076,8073341,e6d37ec6to8949tob7f4to18a9to3093e5ddb7ee
true,dd-0,false,1290186,1.2867422103881836,1296879,62e2ee69toa085to9368to5fa7tocf5a15505867
true,image_processing-0,false,2427352,2.423253297805786,2436756,c706437ftob16cto55e3toaff3tob3c49dde84a0
true,pyaes-0,false,3167811,3.1632256507873535,3175177,0ae4210ftoe2c4todc0cto512dtobfc3a10bf74c
true,cnn_image_classification-0,false,3277164,3.272361516952514,3284288,9701ff5ctod065to0ae2toa445toaf429dd6c695
true,cnn_image_classification-0,false,4166774,4.162441730499268,4174773,45db4047to6ae1to6599to4fd6tob146325b71c7
true,image_processing-0,false,2409807,2.406096935272217,2415968,fdcc72ebtob78cto6bbetoadb9tofb3b3de7fcdb
true,image_processing-0,false,2388056,2.3846750259399414,2395411,3e7cee15to6a21to5f0bto85datoa119f914180c
true,cnn_image_classification-0,false,4891861,4.887615442276001,4899881,0892208atof65ftob5ccto8bc6to31cb645be68b
true,cnn_image_classification-0,false,1882651,1.87906551361084,1889117,a0900697toc31bto293fto81c4to40cdcd88378a
true,cnn_image_classification-0,false,7803266,7.797426462173462,7810611,2ef2609eto8ceeto5194to46d2to531b2eacb5a0
true,pyaes-0,false,3088756,3.0849533081054688,3095544,58b40f63to0dc2to8eaftoaff8to8f3145a31bab
true,image_processing-0,false,2456164,2.4525022506713867,2463001,b70574f1to1d10to75abto164dto8399741667c9
true,pyaes-0,false,3006643,3.002959966659546,3014380,6b1aed05to51a5to5f7btoea53to9e62d116e8d8
true,cnn_image_classification-0,false,5270352,5.265998363494873,5278416,85f6bedato578bto890bto3690to40217318aa96
true,cnn_image_classification-0,true,4740953,1.629183053970337,5676760,6f984b90to0234toe553to7d6fto3bf61cb224b6
true,dd-0,false,1352099,1.3486063480377195,1358398,6b931dedto248etod3ccto1bc7to272fed9ced33
true,pyaes-0,false,3322220,3.317575454711914,3329873,0e0b3b1fto86e0tof7a7to074atobf7778890f2a
true,pyaes-0,false,3301337,3.2977375984191895,3308960,05d98ccetob790to3c9fto44b3to30b610b06677
true,pyaes-0,false,2944903,2.941847801208496,2951284,9fab5e6cto74feto895cto2e82todbe6a2e37d7f
true,cnn_image_classification-0,false,8765401,8.76118516921997,8773369,ea0ec1e6to6b4fto9b8cto8cbbtod22912855674
true,image_processing-0,false,2437853,2.434917449951172,2444046,58d13e6bto1e32to7abfto21f1tof12065a59bb5
true,cnn_image_classification-0,false,1877353,1.8740897178649905,1884080,0ca28151to7e77toec39to0f70to77a8ea8b03ed
true,dd-0,false,1282701,1.279325008392334,1288224,ddee5321to9247to6b7eto9e61to07109c59b9aa
true,cnn_image_classification-0,false,7945002,7.93780779838562,7952600,c8e80d46to7b87tod834to1516to62627d6baa2f
true,image_processing-0,false,2342056,2.338378667831421,2349745,a7311a43toebe9to418dto8333toa7536b0d586d
true,dd-0,false,1320629,1.317350149154663,1327744,61856c70to1fd1to246bto2288toe49fac570157
true,cnn_image_classification-0,false,7168116,7.1642961502075195,7174156,e8b3ded3toa2acto4ae5tofab8to6711aedee298
true,pyaes-0,false,2713078,2.7100234031677246,2720699,1f1ac3eato9724to566dto1f5ato7ac0bcd91460
true,dd-0,false,1136854,1.1326322555541992,1143493,8d83be0ftoeb42to9340to2a43to2901ae72132e
true,cnn_image_classification-0,false,4621455,4.617571115493774,4628778,e7c40b86tob4feto6212to8610toa63d3cd7135c
true,image_processing-0,false,2229990,2.2264840602874756,2237481,9b7c384dto610cto573bto9addto669e9fe06076
true,pyaes-0,false,2727621,2.7238245010375977,2735049,9f1c1261tobc37to9686toc1e2tob1ebe92cddca
true,pyaes-0,false,3014722,3.010498046875,3022515,ea232137to40d3to39c2to4542toe002f17668bf
true,image_processing-0,false,2214638,2.2111902236938477,2221714,9dec5c90toda12tob3f8tob3a6toaa840a485817
true,image_processing-0,false,2211347,2.207103490829468,2217361,c04b9eccto9f79to8dccto0782to345e10a06d04
true,pyaes-0,false,2872825,2.8692095279693604,2880080,557783b1to4badto985bto7202to3fb377423af4
true,dd-0,false,1151939,1.1477909088134766,1159752,c28135c3to5b0bto0acdto98b8to51d8e14230b2
true,pyaes-0,false,2923684,2.920093536376953,2931262,2b2a04e9to2c3eto6006to8352to8b5b0baf83d2
true,image_processing-0,false,2373544,2.3694908618927,2381982,599d0574to4689toabb5to3757to84fe048ef5bf
true,cnn_image_classification-0,false,1287080,1.2827661037445068,1294758,5c1e703cto146eto9a7fto81d4toa079302f4e47
true,cnn_image_classification-0,false,7329739,7.325269460678101,7336781,d4a7faf2to86bcto131ato8308to3fd944f9f66b
true,cnn_image_classification-0,false,4651375,4.647468328475952,4658715,05084a2etod5f7tof418tocacdto647e96c06957
true,image_processing-0,false,2336958,2.333387851715088,2344517,06cfe90dto7aabto6789toecbbto404c024cd704
true,image_processing-0,false,2357449,2.35376501083374,2364359,d09dd94eto957ctobce9to2647to4a4d27ffb4f5
true,image_processing-0,false,2286218,2.2828598022460938,2292886,243ffb0ftoa7aetoa62bto2f8ato12a5f0cb4e31
true,cnn_image_classification-0,false,7253873,7.249870777130127,7260183,edee3478toffb1to6bccto3e1atodc5b679689e4
true,image_processing-0,false,2453581,2.450082540512085,2461252,4196598eto3912toa2fftoda9cto3feaa6a7fdf4
true,dd-0,false,1285514,1.2813270092010498,1293084,d01a7984tob3d4to1f2btoc130toe2bb859c5bf5
true,dd-0,false,1275061,1.2713165283203125,1281647,4f60829ato0550toe65atofd5ftod91435b17fc0
true,cnn_image_classification-0,false,1326281,1.3218343257904053,1334095,6aaf343ctoad8fto7ed5to224dto6b2a195e215e
true,cnn_image_classification-0,false,1812140,1.807372808456421,1820921,7e2e307fto14d4toc3ebto4554to08e6451a1d1f
true,pyaes-0,false,2627151,2.6245901584625244,2634144,2ff28ac6to9208to5305to1a58to73d0d22d7ae1
true,image_processing-0,false,2335200,2.331976413726806,2342432,e0b1a17etob0c8toa84atob1e8to7e8f93767529
true,image_processing-0,false,2262012,2.258915901184082,2268697,63fa0de6to7f6dto51b0to620ftob6320e4a45f5
true,pyaes-0,false,2641324,2.6380209922790527,2649074,e1605b39tof233tofffetocf2dto688a56857cf3
true,pyaes-0,false,2723994,2.720148801803589,2731483,f8da06a2to0b6cto2587to7d5dto2c9e0cb7d2f0
true,image_processing-0,false,2246987,2.2435977458953857,2254505,7cfe5f4cto071dto5edftod05fto9cd7ee128f51
true,pyaes-0,false,2799954,2.796098470687866,2807346,00188d20toe2f3todf34tof9b2to66580b3b30e8
true,pyaes-0,false,2788193,2.7845592498779297,2795429,6edbf61ato39bftod46eto36b2toe8167ce0e1d8
true,image_processing-0,false,2339336,2.3357648849487305,2346984,da0e1c75to08b7to9a9eto8e24to97bd13dc0387
true,pyaes-0,false,2869199,2.8656258583068848,2876478,3797e6c3to1000to0fc4to89e4toc23ab174718a
true,image_processing-0,false,2255662,2.252524137496948,2262477,21eae1aato63bfto5564tof182toc2f05a3b0cff
true,cnn_image_classification-0,false,4472430,4.469070911407471,4480034,c7e4818eto1626toe212to9401to3f9d1c0ac437
true,pyaes-0,false,2812237,2.8086965084075928,2819541,4324294eto1ebatob915tofafetocca18f6300ab
true,dd-0,false,1250386,1.2463979721069336,1257749,48574f05to2b70to8095tob77cto6de2774a3571
true,image_processing-0,false,2254434,2.251194477081299,2261909,218b87d7to3c35toe845to6ff6toa7fb61d3da15
true,dd-0,false,1319759,1.3156914710998535,1327079,cd484438toe05bto5065to2ab8tod89dfe62a296
true,cnn_image_classification-0,false,2042762,2.0398926734924316,2049713,a35985betoe10eto9fedto363ato6bb52e7f4254
true,image_processing-0,false,2281692,2.2781338691711426,2289069,f44fad1cto84a3toc932to45adto2c8e76cf7de6
true,image_processing-0,false,2232938,2.229450225830078,2240366,3fd55d2etob829to16d6to7c1fto91a11aa37fdf
true,cnn_image_classification-0,false,8495067,8.490192651748657,8503571,b19892c3tod189to2b0ato4ea2tob0af1fc340ed
true,pyaes-0,false,2665852,2.6624844074249268,2673760,c4b34f2bto215ato8b7bto50f3to3b0cd4337fae
true,pyaes-0,false,2673144,2.6697659492492676,2680753,146bc5d6to8fe3toa158to6c2dtoaf976169179d
true,image_processing-0,false,2112546,2.108950138092041,2119338,fcfa1755to0addto09fbto1309to8740c3e06766
true,pyaes-0,false,2599721,2.596529483795166,2607037,47641216tod812tob9ectoec0ftoc7f10a1f1dff
true,image_processing-0,false,2103248,2.09989333152771,2110651,edbd5b86to423eto3905to0381to3cc3c37f24d3
true,image_processing-0,false,2100074,2.097259044647217,2107769,958742d7tod8d7toef57to2b6dto0b8e73ab5ac2
true,pyaes-0,false,2622314,2.6189310550689697,2628751,9e271517to1a58to0ea7to544cto5a4ab9c1f2fe
true,image_processing-0,false,2091109,2.0879034996032715,2097557,9a7e553btoc02atoba31to829dtoae9920e28442
true,pyaes-0,false,2631968,2.628520965576172,2638429,ab589ecato16adto5bbftocfe3to4b292fdf69d3
true,cnn_image_classification-0,false,8007362,8.002440214157104,8014769,01ad80fctod125to9480to4c47tob19a1b69d29f
true,dd-0,false,1197737,1.194209098815918,1204778,bba61c2dto288fto0193to45d4tod5325e6f48cc
true,cnn_image_classification-0,false,7984011,7.979590177536011,7991891,b4483cc4to824ftod945to3c58toe3d70acfc7aa
true,cnn_image_classification-0,false,5017411,5.0128865242004395,5024661,d76d6b2dto1ca6to3c05to0607to1846abd57756
true,dd-0,false,1183911,1.180323839187622,1190503,d8c622bfto98f2tob071to0dbeto3fbaed1ac1a1
true,cnn_image_classification-0,false,2027627,2.0237371921539307,2035107,8c4eededto7af0to1c6bto236eto3df9decd80fb
true,image_processing-0,false,2181200,2.177742719650269,2188745,a4e79598to7fa8to2c71tofc4ato65aa034500b8
true,image_processing-0,false,2258866,2.2553021907806396,2266043,9ff17694to847ato9baato1162to7f7d510435f0
true,image_processing-0,false,2291001,2.2872633934020996,2298909,ba8ee99ftoee9dto5335to9b71to1004bfa8528c
true,image_processing-0,false,2293163,2.289523124694824,2300689,9021ad05to4b7dto1455tofc18tob4e2a4999ebe
true,cnn_image_classification-0,false,8536064,8.531309604644775,8544008,a0d4356btoc07etoaa24to2a7eto1d289354b067
true,cnn_image_classification-0,false,1397673,1.3935086727142334,1405639,b3ab0a78to3db7tod2ffto85b1to01b399c275c5
true,cnn_image_classification-0,false,5359409,5.355167865753174,5367129,48343a5eto3c37to77cato4319to594a48eaa8d1
true,cnn_image_classification-0,false,7481670,7.476999044418335,7489354,9386b00fto49c8tode7ftoce2atoca1a72f9fbf0
true,cnn_image_classification-0,false,4096856,4.092543125152588,4104396,114880f0to302cto14dcto1588tod296f7043921
true,dd-0,false,1199873,1.1959002017974854,1207304,26dfffa0tob2f3toe12eto7417to21a4f60cda18
true,cnn_image_classification-0,false,2264578,2.2604176998138428,2272180,98f15274tobb51to0232tob8edtoaf4a47d66a75
true,dd-0,false,1321041,1.3164951801300049,1329469,e3b19873tod296to07a2to2fa9to4d44fd072e49
true,image_processing-0,false,2261367,2.257700681686402,2269637,a4065fc9to1439toac4fto0379to252d3b56521f
true,dd-0,false,1237179,1.2332165241241455,1245468,9ef3db58toa665to11cctof3c6to21d14cc43e15
true,pyaes-0,false,2871867,2.8679192066192627,2879433,33d6f095to5572to42e0toea8ctof4d918d07005
true,pyaes-0,false,2845125,2.841308832168579,2852731,3e1e79e1to6f7etoee10to7406to6ac6499565c8
true,cnn_image_classification-0,false,1571472,1.5668270587921145,1578839,7c394efdto22cdto9793tof63atod18eb7c4fb5a
true,cnn_image_classification-0,false,9280935,9.275940418243408,9288656,ccd252cdto79abto7680toc491toe03c283d3f10
true,pyaes-0,false,2747214,2.7434632778167725,2754649,c0fac882tof549tod946tof505toc5b0e7c350d9
true,image_processing-0,false,2349942,2.3463222980499268,2357515,706e164fto6a2etoe5e5to6bcbtodb86221a5768
true,dd-0,false,1238698,1.2346515655517578,1246871,b20d2583tofc39toe5c8to7427tod678fe96e6f6
true,cnn_image_classification-0,false,5182432,5.176547527313232,5190270,3b9038b9todcecto8898to2012tob9731132cbfc
true,dd-0,false,1305290,1.3020102977752686,1312460,2a3bfb10toa1f6to76a4toafbctoa0eeff714eb0
true,dd-0,false,1279954,1.2761621475219729,1287290,e7b4e48ctocc65to9502to2242tob80486266f69
true,pyaes-0,false,2870737,2.866985321044922,2878607,500b6384tocc65to5227to0c89to750c713360bc
true,pyaes-0,false,2784283,2.7800450325012207,2791961,abd896e8toecdfto5d19tof56atof4a27a1d4a5f
true,image_processing-0,false,2303168,2.299114465713501,2310768,93de90cbto706etoc967to33ceto22cdd8b8da8f
true,dd-0,false,1245508,1.2412536144256592,1253647,7446fb96tob6e3tofcf9to42a0toaebfec8d93d2
true,pyaes-0,false,2822883,2.8188536167144775,2830837,a50ae0e2tob4a7tocf0cto8b51tof93e9a88d8b6
true,pyaes-0,false,2855307,2.8515164852142334,2862738,ef97fb5ftoc75bto422dtoa1b0to0e36d0264542
true,pyaes-0,false,2831030,2.8272998332977295,2838430,8a7a07d7to3e02to7390to7f1atoc0ba9e788d23
true,dd-0,false,1257551,1.2540807723999023,1264860,4efa51ddtoab08to7ffdtod772toe76f534c8229
true,pyaes-0,false,2929889,2.9260613918304443,2937332,c8b91b7ctofe38to7425to7707to0d3227e65c13
true,pyaes-0,false,2885307,2.8813085556030273,2892121,53e774adto5608to6f6eto38b6to0eb4c31e9c07
true,cnn_image_classification-0,false,8304327,8.299479722976685,8311921,db27b654toab1dto1fa3to1b8ftob978734166e8
true,cnn_image_classification-0,false,5174366,5.170072317123413,5181857,153f5d39to1c52tofb09toa736toffa878a65651
true,image_processing-0,false,2431625,2.4282820224761963,2438174,9c97b8ccto84f7to7776to4137toac5e6bad6e52
true,pyaes-0,false,2931153,2.9271366596221924,2938741,40a30422to7628toa3b8to01b3tof019c406f91f
true,pyaes-0,false,2937484,2.9341442584991455,2944179,ad3ad79btoa6beto9f3ato17adtod45c47d3825b
true,image_processing-0,false,2348172,2.34452223777771,2355663,7d4761b8to9d30to68c0toa0bbto9f19e8c49c27
true,dd-0,false,1217131,1.2135417461395264,1224891,9aa7fcb6to6c9ctocd24to6863to6edebddd7811
true,image_processing-0,false,2398418,2.3948075771331787,2405706,b5945154tofb6dtoaa60tobb0fto5f873b577662
true,cnn_image_classification-0,false,7561774,7.557216644287109,7569063,b1946528toa839to5f39to0b84to4e956a73ebfb
true,cnn_image_classification-0,false,8228785,8.224202394485474,8236242,37c95ec4to067etob8c5toa0e1to6de0b3fcb6f6
true,pyaes-0,false,2960732,2.957108736038208,2968019,12816038to1b86to33e7to0366to2f3910c9e3fd
true,dd-0,false,1229224,1.2249984741210938,1236360,1a685f61to4e80to4397to1872to94d72a2ffea6
true,cnn_image_classification-0,false,4178306,4.173855304718018,4185794,f85acd25to4740tob69ato4c9ftoeedbaf144f04
true,cnn_image_classification-0,false,8248547,8.243841648101807,8256376,f962e467to845dto0337to9682to6254633e0d83
true,image_processing-0,false,2370572,2.3665478229522705,2378841,0e391c14tob460to205dto418cto95e5d5cc339b
true,cnn_image_classification-0,false,1580146,1.5753679275512695,1586566,5a6934e5toa9ddto1aabtoe0f9to6ed387c57ae0
true,image_processing-0,false,2383545,2.379800081253052,2390502,5f2e972cto1af8to6c87to5896to4c3c8ba75090
true,image_processing-0,false,2422350,2.41852068901062,2429799,9ef624a8tod07bto7f47to4b40to873a47fdd084
true,image_processing-0,false,2329531,2.325810670852661,2336853,f6b389a8to45dato448bto83e9tob3eea9e43165
true,image_processing-0,false,2324712,2.3211498260498047,2331927,b18756c9to5bdetoef56to7334toed0750424e1f
true,image_processing-0,false,2293000,2.289588212966919,2301235,a6c44855to2ac0todb45to3edftof8ad5eced588
true,dd-0,false,1196443,1.1922786235809326,1203385,6908bafbtofb75to4881to6c75to307e08aa25e5
true,cnn_image_classification-0,false,5362160,5.358077526092529,5369319,ed368aabto295fto814ato49c2toef2f11295e35
true,cnn_image_classification-0,false,1613681,1.6098856925964355,1621197,55755a2etoe524to4031tod281to2ba4765ecd42
true,image_processing-0,false,2284669,2.28112268447876,2292044,fd7eb5e1to3beeto7d82toaeb4to756a1c8f6a7a
true,image_processing-0,false,2335498,2.33162260055542,2343421,d1d0115etof414tof9ddto5e5btoeb66688c785a
true,pyaes-0,false,2759676,2.75642466545105,2766571,89fbc2f4to8d42to678dtoc1f6toaa36e26b1f5e
true,pyaes-0,false,2718120,2.714599847793579,2725160,42738e9ato1f8eto9af7to0d3ftob5fd666e8f4c
true,image_processing-0,false,2230758,2.227667808532715,2238535,b8ef2e7ctocd47to6edetoa595to4e02a3b0d9aa
true,dd-0,false,1221434,1.217437982559204,1229702,65dad1f1to4fa1to3ad7toe2a8to53c51260d857
true,dd-0,false,1208148,1.2038803100585938,1216101,8b0823e9tob01atoed9dtoe9dbto1e60e915eb40
true,dd-0,false,1197598,1.193704605102539,1205145,dbcaffdato033fto53a3to64e1todb76bdc28279
true,image_processing-0,false,2196245,2.19266128540039,2204144,5eef4bfato2752to0362toea4fto9ef1bfcf0e74
true,cnn_image_classification-0,false,8544431,8.539121150970459,8551942,ad6e8b15to5355toe531toae7ctob4a1409f54a2
true,dd-0,false,1252609,1.2482211589813232,1260562,c3a49275to8445tofffdto1bbdto8ffb71589a59
true,image_processing-0,false,2210110,2.2066054344177246,2217791,419c759dtobf54to86b9to3065toe989815dc850
true,dd-0,false,1184389,1.1803183555603027,1191546,26ed79cbtod46eto624cto4b30tob04b9d10f997
true,dd-0,false,1246397,1.2425615787506104,1253779,9dc6bbf2to1987tod7feto8fe8toe61932b2c22a
true,cnn_image_classification-0,false,3697280,3.693104743957519,3704905,fc787a32toe045to0a02tob0c8toa3b082766fec
true,cnn_image_classification-0,false,7779687,7.775147199630737,7786127,ae672b40todb97toe517to1139to3941fd556259
true,pyaes-0,false,2580891,2.5770254135131836,2589051,864bc3b0todf20to3221to1392to2a40ba8b8365
true,cnn_image_classification-0,false,4959240,4.955374002456665,4966784,e53277d9tofb9bto7c1ctoc58ato680a759c6bcd
true,dd-0,false,1143481,1.139446258544922,1151755,f15d4a4dtoe57bto47d7to6f39to068b074a0997
true,image_processing-0,false,2124404,2.121245861053467,2132050,5d8ddd13to9ef3to6fcdto2b2dtoad108ccab97e
true,cnn_image_classification-0,false,8133562,8.129081726074219,8140768,54fb59b2toe3cbtod94dtoc315to9cae261e3756
true,image_processing-0,false,2160914,2.1575324535369873,2168369,3f226373to6d23tof729to49eetoa8f491e43779
true,dd-0,false,1130138,1.126399040222168,1137844,f1f1c3c2to0a9atob613tofa15to01f194e447b0
true,pyaes-0,false,2686812,2.682870626449585,2695249,a9288ea1toadcato71e9toaf16toe5d1a908a285
true,pyaes-0,false,2641060,2.6370604038238525,2648729,a79d8a59to52e2to889bto1771to07cc8c52154c
true,cnn_image_classification-0,false,3817786,3.814300060272217,3825676,8394d877to70d7todafftob3bbtodfd790ccda1f
true,cnn_image_classification-0,false,7993861,7.98940634727478,8001490,b317b71cto1235to1189to99f4to44f898f073b5
true,cnn_image_classification-0,false,7267773,7.262770652770996,7275398,128c6d1dto7002to33cato2313to01eb77d0c249
true,dd-0,false,1210254,1.2063360214233398,1217512,b75b932dto4c54to3c01tob9eftoa45deefbaf25
true,dd-0,false,1216271,1.21256422996521,1223897,fc1779f2to5253to743fto6119to45514eeedf3c
true,cnn_image_classification-0,false,4832705,4.827473878860474,4840736,fc405328to5705to7fd5to8c96to7ca4943366d5
true,pyaes-0,false,2617684,2.6140658855438232,2624658,e7a3b599to8056toa68ato77cftocd38ce25b4af
true,pyaes-0,false,2657562,2.6538662910461426,2665004,35f9738dto9ce2toc186tof49bto325fa7134084
true,image_processing-0,false,2191908,2.188377618789673,2199416,86a21267tod9f7to5203tocc9dtodaf5314cdeeb
true,pyaes-0,false,2820006,2.8158888816833496,2826997,74f9393atofe86to0815tobed4to3d0aa808ea17
true,pyaes-0,false,2773753,2.7698161602020264,2781920,60df911ato2247to488atob98dto97fc81152873
true,cnn_image_classification-0,false,4170894,4.167245864868164,4177596,f19b03betob876to6b77to51detodce98b0d3b50
true,image_processing-0,false,2314689,2.3109290599823,2321429,a2ed330atoa920toa7cdtodeeeto9f26bec73b2e
true,dd-0,false,1229148,1.2253663539886477,1236541,96a6f6e0to7b7bto47d2to00d7toe84dd0d97d9c
true,pyaes-0,false,2944269,2.9407453536987305,2951671,7afa6fb8toaae4toc734toed7cto993d45aad055
true,pyaes-0,false,2914574,2.9107441902160645,2922243,fbaa8f77to1538to1812tobaa0toec6f99ff85c2
true,image_processing-0,false,2643333,2.639700174331665,2650883,6eaae13atob531to0340to934etob6550875edaa
true,pyaes-0,false,3024301,3.02038049697876,3031953,d0f79358toef91to8788to486fto8f82088a8f28
true,cnn_image_classification-0,false,7849606,7.845006942749023,7856155,dbee1dc4tocdbctoe6eatof3f8to79e735320757
true,image_processing-0,false,2410142,2.406852960586548,2417688,7953453bto5b26toce0bto3b4dto2caf38b9acf2
true,pyaes-0,false,2880134,2.876467704772949,2887308,ff885deftoc7aatof2f5to299cto7fc2ef5e0a90
true,pyaes-0,false,2905444,2.902247667312622,2911362,0b8f7852toa99ato1ad2toa7aato533a5012ac6c
true,pyaes-0,false,2934940,2.931116819381714,2942369,e2c0aed7to4ad3to3d2ato1a72toa2262aaf3a47
true,dd-0,false,1298667,1.2947511672973633,1305829,f6465471to63bdtoc183to4d2cto252fdf756d68
true,dd-0,false,1259522,1.255570411682129,1266622,03d471beto2331to5c11to33betoaa2295445c43
true,cnn_image_classification-0,false,8802864,8.79658842086792,8809979,bf7788a0to2d48to6345toe102to3c541058d344
true,cnn_image_classification-0,false,7700341,7.695929765701294,7707478,72620079to7a17to36f2toa9d9to06fe84092483
true,dd-0,false,1214303,1.210838794708252,1221718,a345202etoc7a5to2baato8c1ctoee3d0c2e8484
true,cnn_image_classification-0,false,4760482,4.756827354431152,4766437,52e2bd3eto53f4tocc6bto6a8fto1efedbe959e3
true,pyaes-0,false,2755086,2.7516207695007324,2762883,252bc0f4to44f2toee29to65c5toe145ae9d347b
true,dd-0,false,1188566,1.1845524311065674,1196240,4a7c82aatoc36ato4aa4to1919to7d4e67777c0f
true,pyaes-0,false,2745851,2.742464065551758,2753302,47a25f23toedd9to6e29to5377to925a3eace7cc
true,pyaes-0,false,2686854,2.683159589767456,2693941,1cf1435bto27bfto863btobc36todf73e18b38e3
true,image_processing-0,false,2179784,2.176100015640259,2187489,873f07adto95dcto24d1to883etoafb7dcdcd6b6
true,pyaes-0,false,2698059,2.6944007873535156,2705180,1b5b4539tob9d7toc7bfto7c40tocb62e0cb52d2
true,dd-0,false,1177310,1.1733286380767822,1184881,423c6df7to57b7tof9a0tocd39to892f4f1718ec
true,cnn_image_classification-0,false,7802470,7.797852277755737,7810618,fa285e38to0c92to4696to0ff3to7210be9b8c20
true,pyaes-0,false,2725957,2.722069263458252,2733375,bf8d7f90to0beftoa70atocb3bto6a0f479d4481
true,image_processing-0,false,2263156,2.259597063064575,2270043,a7d1c3b6to557cto8e9btob960toa830bd19ba44
true,pyaes-0,false,2734344,2.7305519580841064,2742341,8beffb64to8f9fto5df3toe0d3tofd82a5b0c2ad
true,image_processing-0,false,2236529,2.232706069946289,2243691,de676ca6to0317tob13dtodb6ato2e6cc18a2d70
true,cnn_image_classification-0,false,4045551,4.040168046951294,4053195,14452de6toa897to5f6bto9b87tob7b35b8f7517
true,image_processing-0,false,2243343,2.239820718765259,2250883,e8f9658eto27fato0f82toaaa1to5e6a1d2e41ff
true,pyaes-0,false,2670742,2.6671745777130127,2678227,9ffa087btoab76to6ba0to7a1eto501c36393d51
true,image_processing-0,false,2215072,2.2112114429473877,2223025,5531fce7to165eto4e0ato3179toc8046b56cf21
true,cnn_image_classification-0,false,7255924,7.250135660171509,7262489,2728b80eto3e3bto7575toba6ftoeaf5c939178d
true,dd-0,false,1181945,1.1781933307647705,1189725,36268b5btofc1bto0d9eto0c4dto39b240829c41
true,image_processing-0,false,2124375,2.121145725250244,2131949,81babe17to0537to5572to6816to51e66f95ba0e
true,dd-0,false,1201416,1.197606325149536,1208899,42d94263to99c7to8444to486ctobe9b2b71aa4d
true,pyaes-0,false,2600164,2.5967061519622803,2607515,55e0a286to334dto8f37to48dfto8f84e24e003e
true,dd-0,false,1193022,1.1891915798187256,1200909,5210dc74to46c1toe128to791ftoe6237fab7b6d
true,image_processing-0,false,2105769,2.102329969406128,2113540,f912c6e8to143ato382ato89a0toe3a8f82fdb3b
true,cnn_image_classification-0,false,7814504,7.809891700744629,7821903,46ea9d2eto1a36to3007to6edcto58fb4922e287
true,cnn_image_classification-0,false,3889284,3.8851864337921143,3896176,a26de869tob688tobf21to75d3to42a8d368ea6a
true,dd-0,false,1096326,1.0924298763275146,1103264,485cda2cto377cto82d1to596etoa5b42623cfc5
true,image_processing-0,false,2163205,2.159719944000244,2170462,28629aa3to2e38to7d35to0de1to569374a395a7
true,image_processing-0,false,2088455,2.085001230239868,2096420,6109f58btod6e7to19bdto8fc9to0a668d27db52
true,cnn_image_classification-0,false,9262576,9.25853443145752,9270013,10488a48to72dato86eetoe05ato5b2a1d9a44cd
true,cnn_image_classification-0,false,8378476,8.373901128768921,8385951,7a42e59ato2e67to346dtocecdtoe88766a34200
true,dd-0,false,1174399,1.1705806255340576,1181626,c1a4ab17toc77fto8477tob32eto81d1945b3b12
true,image_processing-0,false,2201171,2.197641372680664,2208737,9e7e2318to5629to418eto4b31toab603baecc5c
true,pyaes-0,false,2661811,2.657961845397949,2669798,7a3a2633to8bffto13fcto590dtod18701dfc725
true,image_processing-0,false,2252871,2.249495029449463,2259755,bf7b607cto5d8bto9bdfto3a25toee0da74bb845
true,cnn_image_classification-0,false,8606405,8.601771593093872,8613942,c5e4c004tof34dto8fc9to892etoc0ada78aa25a
true,cnn_image_classification-0,false,5608875,5.604682445526123,5616477,c071e1aeto12a5to703fto2a27toc41ac4abb846
true,cnn_image_classification-0,false,5824638,5.820994138717651,5831313,c0d2577dtoc8e5to5849toa022to696ba5ef1194
true,cnn_image_classification-0,false,1737045,1.733288288116455,1743676,2f1a749ato3684to0be3toca02toe8b0cfbf25f0
true,cnn_image_classification-0,false,4783375,4.780100107192993,4789770,e5d6b43fto17d8todf48to8447to032f1fcef98c
true,dd-0,false,1252752,1.2490527629852295,1259366,e5ba4bdeto8f37to0dd6toe96fto16376e892141
true,pyaes-0,false,2810510,2.80653715133667,2817560,38996472toc214tobdefto9960to2a3bcaf8503a
true,dd-0,false,1261881,1.257697820663452,1269720,b8f55d15to11a7to8d31to3fc2tocb5d1db0a792
true,image_processing-0,false,2369757,2.3662424087524414,2377372,bccc3833toa509toeb7fto3002toc014b464ce6d
true,pyaes-0,false,2901697,2.897328615188598,2909674,27909c80to646ftoabf4tod2a3to91178e86db42
true,dd-0,false,1347141,1.3427517414093018,1354660,9f0dbafdto09catof619to8c1bto9a19d8bb67d4
true,dd-0,false,1271488,1.2671663761138916,1279274,ac84c83etoe453tod938toe1aatocd8fb63c0575
true,pyaes-0,false,2932025,2.928619384765625,2939037,98e72a94to27c0to6d7ctodf1cto7d0e89c80b05
true,image_processing-0,false,2409017,2.4050393104553223,2416671,1483d668tobbe6to9ec6toa688tofeebdfefc10a
true,pyaes-0,false,2942199,2.9382898807525635,2951198,52dc66ebto4cd1tob817tod6e2toe60fce0a7ccc
true,dd-0,false,1320314,1.3162896633148191,1328218,7c1cadc5toe6a8to57f0to7b47tof36a5280cab5
true,cnn_image_classification-0,false,2151926,2.147228717803955,2160471,2713ffa7tob7f0to8a07to3271to367870a8f175
true,cnn_image_classification-0,false,7230596,7.225810527801514,7238959,5800f1b8toffa0to71b4toc9fdto4940bfe57835
true,pyaes-0,false,2812822,2.8089113235473633,2820222,a23c0779to626atofa6dto39e0to6f32c851d0e1
true,dd-0,false,1287742,1.2833466529846191,1295731,3e7c6d25tod0d2to035eto326bto830200f1e609
true,dd-0,false,1295311,1.291102409362793,1303170,2e3fb90dto7316toe421toe8eato0a3ace78ba3e
true,dd-0,false,1288026,1.2838413715362549,1295812,0f786f53to513bto00d8tobe6ctob7f75c7bb9c6
true,image_processing-0,false,2337679,2.33415150642395,2345834,dd9cb435toedf9to61f0toc196to0a2a6cb96ed8
true,dd-0,false,1283724,1.279573917388916,1291156,23726c3dto2d9ctoe1eato32feto2e90eefad48f
true,image_processing-0,false,2144608,2.140953540802002,2152374,b3eb8a69to931eto7d43to4f24toabc85a6028e2
true,image_processing-0,false,2119402,2.1158478260040283,2127106,ac2e89c4tod4afto4cfato4d35tofc22747cce97
true,pyaes-0,false,2604182,2.600292205810547,2612260,b647aa47to545ftod97dto475fto00a5c0ffe058
true,image_processing-0,false,2101331,2.0977072715759277,2109122,ee3f69fdto7ffbto1e31to6c77to6b41fa4794ab
true,cnn_image_classification-0,false,4026647,4.022992849349976,4035661,714aa18fto594btoeddctof1a4toc43359c4de8b
true,cnn_image_classification-0,false,4895216,4.891250371932983,4902730,c5433cdcto0fd3to5faftoce79toa7d2fed2a377
true,pyaes-0,false,2532524,2.5287325382232666,2540074,66ec77c1to2e53to73bdtod329to554744a0f8e8
true,dd-0,false,1171771,1.1678965091705322,1178666,26c65df1to2b4eto7b1ftofbbato83ded32cbe85
true,dd-0,false,1131730,1.1278891563415527,1139649,1722b87dto1a95to6af7to9902to7ef88ca91511
true,image_processing-0,false,2091428,2.0881056785583496,2099180,bc0f4613to111dtocc91to627dtob55ff3db05f2
true,image_processing-0,false,2085554,2.082350254058838,2093046,2069521ctoea48toa6f5to8e54to8cac1278f0e9
true,pyaes-0,false,2529320,2.5255494117736816,2536981,26855c7dto33abtoa965tocbd5to7024cc81b7ea
true,cnn_image_classification-0,false,3982023,3.978629350662231,3990325,e944cac6to77bato98f8to37e3to8bb9074009c4
true,pyaes-0,false,2508168,2.5044500827789307,2516179,2bbdd3eato1970to56d2to0e6cto3df17152b886
true,dd-0,false,1226797,1.222883224487305,1234703,817e2f1ftod5ecto79d8to9a66to546db5a70034
true,dd-0,false,1177838,1.173957109451294,1185221,f6187337tobb8bto3d4atoa7fctobe3dfd5baa56
true,cnn_image_classification-0,false,6885774,6.881012439727783,6893352,d87d4701tod0e5toe119to921etodebcb0e77f41
true,dd-0,false,1112724,1.1088368892669678,1119965,6a67c58btob027tob4c2to9262toda47da6f1755
true,image_processing-0,false,2114550,2.111138820648194,2121476,f62182e2tocd86to63d5to7600to9f155eaa5b6b
true,image_processing-0,false,2162584,2.1590726375579834,2170017,80998813toee07to8980tod92cto69258a00d4b7
true,image_processing-0,false,2143265,2.139869451522827,2151040,d9e2aa36to884cto7945to832ato316deecb0a5b
true,dd-0,false,1148826,1.144892930984497,1156319,2c9ba7b8toeb3bto23f6to2227toa7dc1e9b5bd8
true,cnn_image_classification-0,false,5236267,5.232114553451538,5243771,3038ef80to90e2tofa4dto0933to2b19d324ddfb
true,image_processing-0,false,2156470,2.1532974243164063,2164296,1729ef5eto1626to4fb9toe0c0to76643cc5db02
true,image_processing-0,false,2147036,2.143698215484619,2154434,23fe5fcetod1bbtoc701toe623todc9a0b973a95
true,dd-0,false,1162096,1.158421754837036,1169514,2f06f6e8tocf1ftoe54btoaaeato0db624b8f83d
true,dd-0,false,1161852,1.157973289489746,1169336,e3bfab9eto3017to316fto6e08toc064966b57c4
true,image_processing-0,false,2087899,2.0843775272369385,2095039,ddddfea7to2554to77cato1e0fto6ce98e37e9cf
true,dd-0,false,1243047,1.239342451095581,1249961,52544838to9b17toc68dto1624toc5ac0a6930fc
true,cnn_image_classification-0,false,4895755,4.891794919967651,4903777,f9b471b7tof401to89fctod8c7tof47ba19cf62d
true,cnn_image_classification-0,false,8855558,8.850675582885742,8862750,0c97b64dtobd42toa42dto197etobe6affd7633d
true,dd-0,false,1177589,1.173627853393555,1185490,50a9e427toadafto1152to0011to88091d4e2cd9
true,cnn_image_classification-0,false,10005271,9.999009370803831,10012419,988636d3toe398to2b50to3db1to0dd077dbb8ef
true,dd-0,false,1211426,1.2076172828674316,1218215,37769a75to2486to8cd3toefb3tof48338ae6bc6
true,dd-0,false,1155751,1.1521310806274414,1162992,cf61cd88toc5cbto3552to274ato681a2b42c1ed
true,pyaes-0,false,2741825,2.7379629611968994,2749256,44e38205to6dfcto4d98to9489to343908ce78b4
true,cnn_image_classification-0,false,9086458,9.081140756607056,9094184,1e297f15toc9c8to8701tob133to081e39a9b5b0
true,dd-0,false,1197520,1.1937055587768557,1204950,45ec7be6to579eto51dftoc41ato9a9c5fca8265
true,cnn_image_classification-0,false,8534293,8.530256748199463,8541597,cffd0808to5d4cto600bto0a9bto8cde3e438e46
true,image_processing-0,false,2345884,2.3423216342926025,2353101,8da4400ctoc174tof8c2tobc5fto551f8b21e4d5
true,pyaes-0,false,2858831,2.855183362960815,2865798,d723eec3to6deato70e1to6586to507b743d56b1
true,dd-0,false,1236380,1.2321617603302002,1244557,e31057edto9181to615eto2382to5dff6bf59246
true,pyaes-0,false,2875033,2.871213674545288,2882918,56ff7562toa0fato21acto989eto4fde614565c1
true,dd-0,false,1244695,1.2408599853515625,1252172,ee544278to46f1tod738tob421toc904a618d242
true,cnn_image_classification-0,false,6186170,6.181685209274292,6193954,f6d885adto4647to1329tofbe8to1448e28055e7
true,pyaes-0,false,2884726,2.880666494369507,2893125,fc5652d5to3dd1to8045to5733toab136083b57d
true,dd-0,false,1294687,1.2908658981323242,1301203,0627e083to0fddto16b4to73f4to5cda4e74006e
true,cnn_image_classification-0,false,5680449,5.676375865936279,5687159,21e46608to0bdbto675btobfbfto4aae68dea520
true,dd-0,false,1258546,1.25304913520813,1264806,d696e6cfto38b5to7ca7toba7ato08bad7d621df
true,cnn_image_classification-0,false,1924259,1.9207229614257813,1930456,1d54852cto83e2to5188tof42bto95f88dfa275f
true,cnn_image_classification-0,false,8807326,8.802410364151001,8814629,9ff91427to6931to26e9to4732to9583c052e4c4
true,pyaes-0,false,2780180,2.776092529296875,2787553,04afbdf7tob7e6to3f93to3752tob71abbc16c6f
true,cnn_image_classification-0,false,2477270,2.4728329181671143,2484563,95448d62to250bto3f05to00e1to33ae67a580fd
true,dd-0,false,1296815,1.2922232151031494,1304635,eac324d5to92c6tod23bto5b54to1b2c7dad4cc3
true,pyaes-0,false,2894113,2.8902299404144287,2902233,4299a1a5toe7b2tod240toe48eto179d9686d708
true,dd-0,false,1305321,1.3012006282806396,1313013,f8218d3etod2b7tod4a2todc0ato29e3f36d63d9
true,dd-0,false,1337036,1.3332202434539795,1344490,8560e894to6f82toa0b1to8a9btoeff59cf12fb6
true,dd-0,false,1283227,1.2795441150665283,1290448,88a3ed77to99fdto3871to2303toc5c34733eb5f
true,image_processing-0,false,2414900,2.410907745361328,2423427,0c0f0973tofcdfto2bfdtod0d6to33feb4cd1d4d
true,pyaes-0,false,2937823,2.9332199096679688,2945225,47de0aeeto103dto27d2toa407to90f2b750e43c
true,image_processing-0,false,2382598,2.378490209579468,2389692,8c5dc3c0to03e2to45b4to55bato64185f617666
true,pyaes-0,false,2916336,2.9119513034820557,2924699,cbf88574to503atof771to31d0tocd58117b3f42
true,pyaes-0,false,2962839,2.958705186843872,2970978,ebd60cbcto2902to5a50toa7a9tofc2a8d71b189
true,pyaes-0,false,2919929,2.9160001277923584,2925642,2fe2f20cto1378to478cto3799to2b8d2774f1c8
true,cnn_image_classification-0,false,2351568,2.3469345569610596,2357445,414412f4to6c72to8f5ctobdd6toce4135eb11a6
true,image_processing-0,false,2381037,2.377328634262085,2388324,ede3224dto6cd8to859bto723eto6f8b2553d555
true,cnn_image_classification-0,false,2553236,2.549053192138672,2560875,34d4e154to51efto2f31to04e3toff21f4dfa741
true,dd-0,false,1252709,1.2487459182739258,1260995,077a8d6bto208atof15etob3bdtocd7181ff0b74
true,cnn_image_classification-0,false,5095264,5.0909202098846436,5102962,5d604270to4e8fto5c71tof3acto7e69cfa8c1ef
true,image_processing-0,false,2398308,2.3945517539978027,2406166,f1c5e1eato68dftofa70toabfdto3b412a147a0c
true,cnn_image_classification-0,false,5097035,5.0922346115112305,5104122,061db95cto96eetobfebtof950to967942bb0057
true,dd-0,false,1288982,1.2850208282470703,1296920,c2fc43a8to5297to6d81to08fftoe5e3305cd336
true,dd-0,false,1313844,1.3101747035980225,1320087,232afda5to2b4fto4eeeto8932to4bfb7347c9fa
true,image_processing-0,false,2279008,2.2752861976623535,2286597,066a80b3to1130tob47ctofce4tofeff74b0fa7e
true,dd-0,false,1231879,1.2282891273498535,1238938,97952113to64d8toed58to7692to59f6b43c6253
true,dd-0,false,1213725,1.2098424434661863,1221364,e0994186tod715to0e08toa375toce5e58711007
true,image_processing-0,false,2323787,2.3201262950897217,2331487,ce5b3e2cto77d2to5434todacato4c762adb3723
true,cnn_image_classification-0,false,2297268,2.2932820320129395,2305156,ac5e5005to289ftoac16toca70to1e0b5c651cb1
true,image_processing-0,false,2284545,2.2808008193969727,2292153,554c77c8tob17dtofd65toe0a3to76c7a85c78b9
true,pyaes-0,false,2780368,2.776364803314209,2787368,bfbaba7eto7ba7toc11cto5694to6d0000ee4114
true,pyaes-0,false,2788442,2.7844583988189697,2796047,295acdfato317eto9e9ato2a0cto7fbdbb2d094d
true,pyaes-0,false,2776962,2.7730231285095215,2785173,2b67de2bto199atoa634to8de2tofeda6d13e9b4
true,pyaes-0,false,2812106,2.8086068630218506,2819637,854cc89bto43d4tod056to1ecbto683a9ca0a452
true,pyaes-0,false,2861960,2.8586840629577637,2869385,4df16347toa34fto55b7to8155toac91f29aa10d
true,pyaes-0,false,2784378,2.7805089950561523,2791667,5e9799e4tod08dtof5bcto7ca6to21f733851d83
true,cnn_image_classification-0,false,7835247,7.830709934234619,7841276,ce50294ato0832toe92btod378to4d7f65b06120
true,cnn_image_classification-0,false,9640686,9.635742902755736,9647836,3e4d0bbeto9c12to77c2tofeb9to1a6de7d5d8fc
true,cnn_image_classification-0,false,8472728,8.466705560684204,8479757,12c96c59to9432toed13to3b2ftoee46a66d8528
true,pyaes-0,false,2916532,2.912665843963623,2923801,f9a5abaatod4e4toc48cto8be9to64a1cfc82687
true,dd-0,false,1175870,1.17181134223938,1181986,5298a45fto7289toa68dto6abfto881fd3c85556
true,pyaes-0,false,2899251,2.8960306644439697,2906552,f7befe5atofae9to6b86to71f3to8a0f57ce9d59
true,image_processing-0,false,2366780,2.3629837036132813,2374247,e552649eto2174tocee0to5a5cto3174fe6629d7
true,cnn_image_classification-0,false,2373902,2.3698127269744873,2381435,66778ab8to0856todaf2to0981to1cc18734e63d
true,cnn_image_classification-0,false,8494866,8.48970913887024,8501511,206b5602to9978to0d11to2926to7fc4f0795416
true,image_processing-0,false,2369096,2.365736961364746,2376630,ab793d19tob877to9e41tocd99to887ed83bacf6
true,pyaes-0,false,2960157,2.956341505050659,2966915,0570b83dto1ea5toc4aato32a2to867355e804dc
true,pyaes-0,false,2838932,2.835737466812134,2846234,4eadff1fto1804to7933to1f97tobe69b05bfd1a
true,pyaes-0,false,2834190,2.8303215503692627,2841033,27c503d7to692ftofdd7tod006to0242a5a1f54d
true,dd-0,false,1211155,1.2071845531463623,1218474,8daf02a8to52b8to4545to8e15to5e1e7e789129
true,pyaes-0,false,2835931,2.8331286907196045,2842616,be2e6fe2to43ebto29fdtoc7f5to3982bc6cff67
true,image_processing-0,false,2359248,2.355834722518921,2365589,5adcaeb2to6f39to769ftof60eto2e3a09846988
true,dd-0,false,1296937,1.2933948040008545,1303847,0d0f2883toe2d8tocef1to35d6to0d178a89d7b7
true,pyaes-0,false,2815825,2.8124051094055176,2823224,b02a1119tob175tob8c1to2d41to10084ee59e71
true,image_processing-0,false,2289312,2.2862608432769775,2296408,34b89858to965atof6betoc455to14ecb5fe835e
true,cnn_image_classification-0,false,5065491,5.060158967971802,5073309,ccae2226to6a3ctofca3to2d2ctoa745e5c502dd
true,dd-0,false,1200281,1.1962473392486572,1207530,f1582554to2b7ato4a99to87ceto91f707fb0859
true,cnn_image_classification-0,false,2464714,2.4602105617523193,2472719,522ca547to1735to7477tod017tofb604b4587ff
true,image_processing-0,false,2219638,2.2163102626800537,2227047,8bf76fdeto54e3toe436tobdb3to8708dfa2c6e6
true,pyaes-0,false,2794622,2.791269063949585,2801925,e2d88685to62c9toc594to76c4toc19f545104b4
true,pyaes-0,false,2818585,2.815213441848755,2825884,ac7ac2a0toc77btoa943to7fc3tof5ec5ce185a3
true,pyaes-0,false,2856650,2.85318374633789,2864280,4eccfb3ato7363to6e31to36detocb9e2623af48
true,cnn_image_classification-0,false,5219915,5.2146315574646,5227035,79845a60to887atofc1etoe44bto71039f7d1957
true,cnn_image_classification-0,false,2101257,2.097118854522705,2108521,8640f1c1todc88tof648to85bcto0db078e0dfbf
true,dd-0,false,1264542,1.2605860233306885,1272015,6a9a50aato13e2to65fcto3c81to45b712819219
true,image_processing-0,false,2309095,2.3057968616485596,2316657,3dc71921toce06to3c39to8431to94c7e822048d
true,pyaes-0,false,2910139,2.906226634979248,2917441,e1ac5af8to75c7toad22tod281to5aca3cc962e3
true,pyaes-0,false,2961455,2.95740008354187,2968528,6fec9d02tob3c9toa428to6ba1to97f033c4b880
true,dd-0,false,1296019,1.2916347980499268,1302702,83fb2191to53f4to66d9toff9etoda511b2cbee2
true,cnn_image_classification-0,false,3073752,3.0687732696533203,3080720,24357f15to0028to997atoc054to7a8bc73b2bae
true,dd-0,false,1292078,1.287905216217041,1299512,c20903a7tob9d0to8c55to007ftoef38dd9361a0
true,dd-0,false,1271017,1.2668602466583252,1278562,7550e347to1981to277eto9ed3to343285363820
true,pyaes-0,false,2999889,2.996068000793457,3007452,99740d63to8475tofd3cto540fto25d6afe56529
true,cnn_image_classification-0,false,2259189,2.2543914318084717,2265353,12a8797eto9b55toa46eto9dfbto4403a490b4e8
true,image_processing-0,false,2387159,2.383705139160156,2395556,ea68be02to9db8to8ed3to2b95to7f681b42c5ba
true,pyaes-0,false,2937449,2.933410167694092,2944817,3eb3e627tocdc9to90fftof805toc5d4258713b9
true,dd-0,false,1322560,1.3183650970458984,1329225,d7660f5atode9atoa931toc36bto895df224496a
true,image_processing-0,false,2394887,2.391878128051758,2401557,d4f0938dto9237tod5b0to800eto917a0de72fc6
true,cnn_image_classification-0,false,7985904,7.981636762619019,7993189,ee0642e9to005btod4c6toa753to48574e813daa
true,pyaes-0,false,2929005,2.925642251968384,2936386,700cd80etoa778to3cb9tobf1dto3e925c30c0bb
true,pyaes-0,false,2991195,2.9874002933502197,2998682,3eb2defbto0ceftof085to71e0to66a845e1bcc5
true,dd-0,false,1305656,1.30143141746521,1312556,b70842cato8f02todbb5to9589tod26cf9c4f70d
true,dd-0,false,1327767,1.3240644931793213,1334655,8fe54cf0to7412to8e05to64d5toca5ca332d5f2
true,pyaes-0,false,2945632,2.9420859813690186,2954879,3c4439eetob03eto5fcbto479ato43903ed62a08
true,pyaes-0,false,2858668,2.855059862136841,2865600,d8ee1e41to73dctod01eto6acfto8e862e7f5377
true,cnn_image_classification-0,false,8094662,8.089352369308472,8102974,8ee70dddtob770toff76toe93ato5e64b21e5659
true,cnn_image_classification-0,false,5042832,5.03858757019043,5050506,ded1d0c2to4586tobef1tob0b6to57050b89ba8d
true,dd-0,false,1338838,1.334961175918579,1346370,47f52c3dto3e71to4c47to0a3ftoec954954c34d
true,pyaes-0,false,2908591,2.904677629470825,2916659,eafae9bfto6102toda2ato976cto521a7ab093c8
true,dd-0,false,1293245,1.2891180515289309,1300524,f6b9670cto5eeatod72ctoe332tof946ce8573f5
true,dd-0,false,1255120,1.2508323192596436,1263234,042cd287to932etod3e4tocf50to920ce59e56cb
true,pyaes-0,false,2763087,2.759213447570801,2770208,8bacaebcto5303toe860to3623to309af6b90ec2
true,image_processing-0,false,2196952,2.193746566772461,2204127,2730a337to7c73to4d78to5fecto7960ce47ce17
true,dd-0,false,1211800,1.2081210613250732,1219160,79664930tobdd4to4e4fto5e24to88d4449b757a
true,pyaes-0,false,2752335,2.7485811710357666,2759940,b0545ce3tobf6bto1295to55d0to87031f30769e
true,dd-0,false,1207150,1.2031452655792236,1214757,ef6e94aato5c6fto67b5to2293toc1e4e5749b99
true,pyaes-0,false,2727152,2.7236697673797607,2734786,c869d827to76e9to39ceto905ftobae9a48c9617
true,image_processing-0,false,2230523,2.2267160415649414,2238484,9aba009atocc5dtofbd9to42a3to7f95b381a7d1
true,image_processing-0,false,2231645,2.227895021438598,2239100,e3df547cto862etode60to2170toef86ae33c072
true,cnn_image_classification-0,false,4721145,4.717254161834717,4728537,824078aato54b5tof644tob6a7to8e4ac0c65062
true,cnn_image_classification-0,false,2204598,2.2005462646484375,2211937,569a043cto9ee2toe9b7to8ecdto25ac9b3e9d09
true,pyaes-0,false,2692476,2.6892807483673096,2700342,9b1f4f02toa2b9toeee6to64f2to4451921a3289
true,cnn_image_classification-0,false,8569108,8.564223289489746,8576730,ede7cc87to11a3to85fdto8f42toad3ba6b07357
true,pyaes-0,false,2620452,2.616687774658203,2628028,5bf39e34to8e97to5401to2adetob22fbdb58f20
true,dd-0,false,1212510,1.2086431980133057,1219770,5e3a51c1to25a5todfebto00a5to6c5f334b3bfb
true,dd-0,false,1215990,1.2125508785247805,1222606,bd8ba69ftoa8a5to9136to24e8to48b3a0d67726
true,dd-0,false,1209915,1.205918312072754,1217092,9bdf1655toc808to55dcto470atod72705174897
true,image_processing-0,false,2165532,2.16173791885376,2174025,fb663637to1d5atoa895to6c16to3392cb152efd
true,pyaes-0,false,2560242,2.556823253631592,2567779,10cf527dto044ato1657to5ce2to8a598589fa20
true,image_processing-0,false,2154965,2.15140962600708,2162132,7f4fa85dto456bto7825toe900to7d13550aa7af
true,dd-0,false,1133317,1.1295318603515625,1140709,cad3e239to544ato1c35tobd01tobfbeda22192d
true,image_processing-0,false,2093733,2.0902626514434814,2102042,4cc4b821toa5bctob105tob1cbto0f44ec2abdda
true,dd-0,false,1140461,1.136039972305298,1149049,5c6ae098to2d35to13ddto79a4to1c308318d9a0
true,pyaes-0,false,2541607,2.5377702713012695,2549916,96fa8695toc6cato79aetof2e1to48a6cd035c66
true,dd-0,false,1131776,1.127931833267212,1138938,7dee8db2toe139to6264toac27to8f879e511d78
true,cnn_image_classification-0,false,4576754,4.572571277618408,4584149,bea8cfcfto4a3fto11bftoa038to0ddae213b508
true,image_processing-0,false,2196336,2.192805051803589,2203609,7603330ato4ad5to997bto3a35to723ad1f238b3
true,cnn_image_classification-0,false,7834651,7.829775810241699,7841356,7c9b33dato2c67to4550tof60dto69ee2ec1d6fe
true,pyaes-0,false,2579192,2.5756702423095703,2586873,0f58cff4toc88fto1360tofc71to7b1506db84f1
true,pyaes-0,false,2637600,2.634004592895508,2644228,83f7746eto4b1ftof644to697cto85820690a8fb
true,image_processing-0,false,2145877,2.1427717208862305,2152744,d615900ftoe4eato78f8toa577to3a4174abe271
true,image_processing-0,false,2166666,2.1638383865356445,2173318,24d67842to2fb7toe289tob887to37e9764ee867
true,pyaes-0,false,2706230,2.702456474304199,2713743,31c170d5tob4ccto3691to7e29toc063464e8488
true,image_processing-0,false,2248886,2.2456510066986084,2256387,6d2980d7to8555tofeedto69e9to689ae9223b6a
true,pyaes-0,false,2633437,2.6299943923950195,2640146,f82b2113to97cfto68d1to63b9to403a7da8783f
true,dd-0,false,1213831,1.2100813388824463,1221100,26f65f80toeda9tof3edto488atocba1f6c4d2a2
true,dd-0,false,1214008,1.210211992263794,1221092,836599ddtoe2e7tof044to7ef9to1b553352c753
true,image_processing-0,false,2160070,2.1568589210510254,2168073,5e91b309to7149tod73fto3901todccceeb1af2a
true,pyaes-0,false,2726943,2.7233633995056152,2734403,72e9f60bto3d66to1b28to5f29toeed13777e973
true,image_processing-0,false,2184899,2.1813485622406006,2192867,9e5eed0ctob0d3to8b06tod5c1to8151cdc95d01
true,dd-0,false,1177968,1.174107789993286,1185512,89f7a56cto646atoc44dto5403toe6b00f480636
true,cnn_image_classification-0,false,7601762,7.596833229064941,7609041,ae234c1cto1b5bto6eecto5768to5acbde2a47d5
true,cnn_image_classification-0,false,2052443,2.047938346862793,2059849,62723437to3cb7to6956to8f88tof5a2a9f24591
true,pyaes-0,false,2731992,2.7282707691192627,2739905,41aaadd0to10a3toe59btoa442toaf87e9f22e76
true,image_processing-0,false,2268613,2.2653534412384033,2275889,6c620294to242ftoc18ctoff2bto635737f83d7e
true,cnn_image_classification-0,false,4769078,4.7653138637542725,4776910,36d85ae9tocac9to1fc4to315atoebf99b9aee8d
true,pyaes-0,false,2745494,2.741699457168579,2753034,df972b4fto83b4to9c11toe3e4to0475bedeb26a
true,pyaes-0,false,2804674,2.800884485244751,2812293,82481c51to6deftoc8f9to9e01to30bd831326a6
true,pyaes-0,false,2787930,2.7844431400299072,2795409,96d61151to2518to2a51to4b0atoe6549d9d31d6
true,image_processing-0,false,2187993,2.1838674545288086,2195260,ffded530to5b94toe131to3b28to27fc0e73bf10
true,cnn_image_classification-0,false,9333668,9.328232526779177,9340704,f0560349to122eto0d8ftob76dtoff9406a44669
true,pyaes-0,false,2703673,2.6997733116149902,2710761,a0ab2a24toaf61toc4fctoa19ato64ad131f8601
true,cnn_image_classification-0,false,2314598,2.3111236095428467,2321977,57de493ftoe8c3to0b71to4bcfto6c8dfdc844f5
true,image_processing-0,false,2180975,2.1775693893432617,2187692,55674bfbtoad66toac42to6887tofc6e9c791e2f
true,dd-0,false,1207636,1.203664779663086,1215561,4b5efff1to1428to6e45to2bbcto2f80dc377c14
true,pyaes-0,false,2710217,2.706380844116211,2717763,98b7ec85to5ae7toa153to7335toc2224fd2fdeb
true,pyaes-0,false,2713135,2.7093610763549805,2720737,6e151b4cto0cadto5641toeddato428ae4c120c9
true,cnn_image_classification-0,false,5149338,5.144753932952881,5156867,0f7c0887to6a81to5c40to8da6to1f94fab841e2
true,dd-0,false,1225280,1.2215585708618164,1232613,e4e3f18ato93e6toada8to7f0etodf4456acfb42
true,pyaes-0,false,2671781,2.6680009365081787,2679684,5c31f5f6to5505to514atoa64cto39ffe622202b
true,pyaes-0,false,2627107,2.623234987258911,2635351,e61650f0to9763to9848to314ato01a74d2836af
true,image_processing-0,false,2122600,2.1192307472229004,2129922,34769ad9to4e46tof4efto26dato730ed311b62a
true,cnn_image_classification-0,false,8719814,8.71518850326538,8727392,58d8e51bto6401to5cccto7cfato123d6406aed3
true,pyaes-0,false,2716732,2.712654829025269,2724443,7bc3d61etofd14toba23tof99dto604dfc497ced
true,dd-0,false,1158615,1.154512882232666,1166205,7bd949c7to07ceto7880to7410todb8dd6f42235
true,cnn_image_classification-0,false,5470339,5.466669797897339,5477304,868e672eto3d84tobd93toebddtocfaeb4580dcd
true,pyaes-0,false,2850432,2.8464200496673584,2858040,141a4d57to65c0todbc2todb6ato7a657974992e
true,dd-0,false,1211032,1.2074933052062988,1218115,353fe08fto47adto8c3ato0341toddd4dca4558f
true,cnn_image_classification-0,false,2592425,2.5884361267089844,2600306,b9f06920to5871toacd0to2c17tobe0d2b172a06
true,cnn_image_classification-0,false,8470436,8.465903759002686,8477750,afa6b378to522dto5617to637eto3dd55c0d1213
true,cnn_image_classification-0,false,2986129,2.9819066524505615,2994764,45378895to5e1atodacctoe467toe85d85603a1b
true,image_processing-0,false,2358826,2.355093479156494,2366472,43370185toadd8to1089to9c41to615d8dd3cc23
true,pyaes-0,false,2916081,2.9123213291168213,2923883,5aad3685to4243to6713toe6cbto5f56b26ccc1d
true,dd-0,false,1323363,1.3194382190704346,1330082,19aac77eto9a25todfceto551cto20e84a96197a
true,image_processing-0,false,2350566,2.34651517868042,2357867,8f880c76to1ea5to4697tod12ato147badae837f
true,cnn_image_classification-0,false,5979503,5.975151062011719,5987130,fe8cae70to7dd5toe2f8to6cb2to0dc1c965d2bf
true,image_processing-0,false,2428227,2.424854278564453,2435893,e7385693to8f39toa1a8tob7e5to493d6c354044
true,image_processing-0,false,2397816,2.394068479537964,2406010,69710ed2to9bbbto69b8to665bto50d421af3e4f
true,pyaes-0,false,2863435,2.859194755554199,2871509,7941b3f1to9f51to55catoea69tofe2a791044fb
true,dd-0,false,1221896,1.2174315452575684,1230026,6909f2dcto640eto44fctob061tof4d958fb4630
true,image_processing-0,false,2379618,2.375976800918579,2387374,c688618dtod432tobccftod4cato869bb9cd0729
true,cnn_image_classification-0,false,7852891,7.847562074661255,7860549,f5079889to2e4ftod87cto5657to031a099d4676
true,pyaes-0,false,2882815,2.87908935546875,2889170,6f79cd62todaf1to4719to25e8to58a3d235fe9f
true,image_processing-0,false,2417308,2.4131269454956055,2423215,b6431e33to5195to95ffto2e4eto5b6833138c5d
true,image_processing-0,false,2315020,2.311232328414917,2322569,dae42ccfto1ab3to7eb5to75fetof6c2afac2cd8
true,image_processing-0,false,2308413,2.3050389289855957,2315975,63fbc6cdtoa562to458btocafato08410b380e01
true,pyaes-0,false,2880243,2.87647008895874,2887463,a5a1b4b7to9182to9515toe557tod64ae93b5976
true,image_processing-0,false,2304920,2.302101373672486,2312257,ac51fac7to9f9atoe1bfto833eto2c1817391a9f
true,image_processing-0,false,2326583,2.3234269618988037,2333656,8835c6b6to1457tobf63to3e35to51f5c51a52a2
true,dd-0,false,1216219,1.2122023105621338,1223463,62eb4c3dto3333to43f1toea3dto0b0922bb8a6b
true,pyaes-0,false,2913027,2.9094834327697754,2919988,dfba0057to6cf2to9032tobd81to2e1f2f3a998d
true,image_processing-0,false,2354308,2.350762128829956,2361743,27cded9ctoaa69to8563to96c0tob072d145bcdf
true,cnn_image_classification-0,false,2869620,2.8656082153320313,2877213,b013ce2dto9320to9db2to91bbtoc6522439f388
true,image_processing-0,false,2284585,2.2808520793914795,2291369,ad79322ato8c70to7c44to9f39to9d3d082f4c10
true,pyaes-0,false,2756575,2.7526285648345947,2763517,03da7cedto7646toca14to81dctofa515470ce3a
true,pyaes-0,false,2763981,2.760857582092285,2771101,dd8cb753to2243tod249to37a9toc4919ad100b3
true,dd-0,false,1233491,1.2295639514923096,1240592,a3a0389eto6794toffccto6fc4to0abb06674482
true,dd-0,false,1264448,1.2603135108947754,1271993,78f0e4e6to1066tocac3to039bto86becd5d1d12
true,dd-0,false,1238194,1.2341687679290771,1245710,7c8a7071tof3b4tocbc0to1a32tod1e9a46704ad
true,pyaes-0,false,2634893,2.631121873855591,2642825,576de184tof44ftob894to0b65to366e933f05eb
true,cnn_image_classification-0,false,8572131,8.56779432296753,8578831,61953359to146fto9b78to5a2dto8307e54331d4
true,pyaes-0,false,2651538,2.648460149765014,2658428,f0a8b55fto6ce4to3c1fto14edto1d4c29b781aa
true,image_processing-0,false,2185201,2.182194232940674,2192022,90e54e86tof2a3toed43to608bto0352e99fc96a
true,pyaes-0,false,2707718,2.704024314880371,2714947,4735f5b6to3160tof8efto56bdto734c0949df67
true,image_processing-0,false,2394680,2.3911986351013184,2401980,7ea12ce9to5022to614ftod221tod86d998557b3
true,pyaes-0,false,2720830,2.7174394130706787,2727692,dfa66d86tod243to1ec3tobadcto484b4ea0c171
true,dd-0,false,1223861,1.2199819087982178,1231294,c34ddcd6toc3d8to4687to70f5toc94e768d63c3
true,pyaes-0,false,2770517,2.7668120861053467,2778337,91cea010to64bctofe16toe448to1273056e3f46
true,image_processing-0,false,2391912,2.3888044357299805,2399462,79ad5159to5916to7d42to12fbto6a8ad916656e
true,dd-0,false,1261467,1.257535696029663,1269429,37cd1275to32bcto9d98tod39eto4acbd8fe0a9d
true,pyaes-0,false,2700140,2.6964051723480225,2708033,f489863eto0a9ftob071toa056to4cf55f3bc0e1
true,dd-0,false,1264769,1.2610652446746826,1271960,7c03d2d5toa5dbto5e78to7cecto1cbe0b6a46c5
true,cnn_image_classification-0,false,7999763,7.995239019393921,8007235,233b0e55toa8fdto942ato8082tob216e44c486a
true,dd-0,false,1269224,1.2652146816253662,1276584,18292e21to9ed1to1df6to1470tofb4f2dc02451
true,pyaes-0,false,2794923,2.791191577911377,2802272,29225e49tofd61to2c9cto905dto2a52b2d54a8d
true,pyaes-0,false,2693160,2.689880132675171,2700426,bdd5b317to16e7to6c44toc693to0a5630e8ddcf
true,dd-0,false,1224293,1.220773220062256,1231387,8053a80fto4346to0047to6495to12d746af329b
true,pyaes-0,false,2621215,2.618077039718628,2628103,1fd2f4cftoad1dto70ectoe6c2to6139f8e92187
true,image_processing-0,false,2177969,2.1744649410247803,2185794,5ba13e71to826fto53b9to42ffto74c7756826ce
true,dd-0,false,1126548,1.122688055038452,1133926,f019fa45toeb1eto41f4to773btoe88577d55223
true,image_processing-0,false,2184656,2.1814417839050293,2191941,d3ed895eto0588to3cd9tof797to9932f018a22e
true,cnn_image_classification-0,false,7732581,7.726818561553955,7740477,516dc608to73fetobf4btob3f5to9576ad4a286a
true,cnn_image_classification-0,false,2718571,2.7142128944396973,2726441,515ddd55to436ftofd54to14c6to8685d92363ba
true,dd-0,false,1125621,1.1218748092651367,1132820,06bb427atoff26tofe19to68f4to0bfe7b1e9151
true,image_processing-0,false,2273799,2.270331859588623,2280888,f0436f2bto8cb2to73bato18cdto8a7569608295
true,dd-0,false,1186776,1.1831996440887451,1193775,bd733d29to6a45tod324toebdftobd4e67097fc1
true,image_processing-0,false,2378804,2.375715732574463,2386561,c6abd732toa269to9be8tof69ato4f46e0031513
true,pyaes-0,false,2714289,2.7109017372131348,2722360,4a1ee6feto84d6toe650to64f5to950dafba7e36
true,image_processing-0,false,2143490,2.1404566764831543,2151076,da3e4db2to5a62to431bto723fto6422f72377f0
true,pyaes-0,false,2698669,2.6948330402374268,2706261,d843d78fto302dto4081to880fto550e337d0f2c
true,pyaes-0,false,2720812,2.717219352722168,2728028,3dd9ede5toecb9to4464tocb51to0219661a5f4e
true,image_processing-0,false,2228585,2.225112199783325,2236000,be70156dto6a59toa4fato354dto539f76177a69
true,pyaes-0,false,2707045,2.703630208969116,2714522,ad2b79bcto5013tobc59to4ec8to4e06a668872c
true,image_processing-0,false,2243190,2.2396695613861084,2250257,052c11f6to7120to297ato829dto71d380a5fa12
true,pyaes-0,false,2767386,2.7628719806671143,2773942,279a5f63toe6f3to8035to3b89tof06e5575e730
true,pyaes-0,false,2732322,2.728668451309204,2739822,18951ec4to7dceto78afto6c8bto6f13d3c0b4a0
true,dd-0,false,1256315,1.252450466156006,1263330,87add7b8to9286to021cto941dto92e457f55e2c
true,dd-0,false,1218039,1.214318037033081,1225480,2f8bc5b1toaef4to0e2ftobfb3tob200a5083d4c
true,dd-0,false,1195172,1.1912462711334229,1202675,d5fcaa34tobe28toe855to7878to69a342b78c14
true,dd-0,false,1223500,1.2196896076202393,1230985,34d449cetod1b9to509fto797bto164f4c5c2081
true,image_processing-0,false,2104346,2.1009607315063477,2111590,0ea57ee0toadd7to6bcdto349ftob065aa849762
true,dd-0,false,1176111,1.1721222400665283,1183578,62593800to5760toc31etoe902to163c72e4ef9f
true,pyaes-0,false,2551746,2.5479564666748047,2559618,481a4526to49c7to1585to6927to45b43eabfebc
true,pyaes-0,false,2566747,2.5631213188171387,2574073,a96417ecto0e3eto95c8to83a2to18e9116c4c2b
true,image_processing-0,false,2163147,2.1598050594329834,2170487,43e1050bto12f1tofc73to7e44to9cef81f4e2c8
true,image_processing-0,false,2372090,2.3691391944885254,2379446,0d3799dbto7cbcto8648tob0b9to5acec17a0439
true,image_processing-0,false,2110755,2.107276439666748,2117949,d08de823todc36toda95to4970to2fe12cd588a6
true,pyaes-0,false,2589066,2.5854971408843994,2596591,eb434677to9dfdtoc7eatoddfetob2cbe0d81188
true,cnn_image_classification-0,false,7879172,7.875125408172607,7885979,37d3eba9to12feto391fto43adto3519d41bf248
true,pyaes-0,false,2551287,2.5481014251708984,2558328,659248e2toc7cato2602to9a66tod1b41d14e814
true,image_processing-0,false,2160351,2.156991958618164,2167202,51d6a954toad46toab17toa116tof4bfe84229e6
true,cnn_image_classification-0,false,8109479,8.104963541030884,8116889,f69aa915todd44tod8bdto499ato81526ac0cde4
true,image_processing-0,false,2075605,2.072864532470703,2082490,58cea759toafb2toc890toc294to36236d6c702f
true,dd-0,false,1160501,1.1567318439483645,1167842,2b3de286to3485to0eeato4acctoa1f48da40b50
true,dd-0,false,1108766,1.104806900024414,1116138,012e37eftobd77to1196to87e5toeaaae8951067
true,pyaes-0,false,2573358,2.5695788860321045,2581076,711850b3tod793toc4d0toaa51tof6cefdacabbc
true,cnn_image_classification-0,false,8250588,8.246041536331177,8257803,04025c2ato087cto4afatoc84ato005833cc87bb
true,pyaes-0,false,2558815,2.5555765628814697,2565878,5795014dtofcdatodfe6to8fc4to0711971f059f
true,pyaes-0,false,2610990,2.607600450515747,2618643,e4f87ad2to8da6toad8ato0c2fto5a74d386eaf8
true,dd-0,false,1170863,1.1669654846191406,1178441,2709ccf2to2466toea55tof10dto8c44c0e5b689
true,dd-0,false,1175618,1.1716949939727783,1183175,3247fd38tof0ecto1443tofa80to1afc2eea5e3b
true,pyaes-0,false,2668463,2.6651294231414795,2675866,4f1f3759to5190to79ecto1dc0to4eeba4f96c6e
true,image_processing-0,false,2253135,2.249783515930176,2260774,5e3c0982to637ctoc09dto3555to1a3ee6e2586d
true,dd-0,false,1237616,1.2338488101959229,1244708,996ac934toe7ddtobc1dto5fa0to0581104039da
true,image_processing-0,false,2272351,2.268962860107422,2280242,609f01d9to72eatofd98tob918to1b922702a41a
true,cnn_image_classification-0,false,3038584,3.033498525619507,3045569,be4158cato0103tob716tob51dto33f9573fdf00
true,dd-0,false,1285630,1.2815513610839844,1293658,8fb99fa0to0465tocef8tocd60toeeb679ec600c
true,cnn_image_classification-0,false,5519413,5.5152459144592285,5526865,db0054f7toa890to642bto66aftof931846b7071
true,image_processing-0,false,2225536,2.222209215164185,2233603,5fce0a11toa9e8to191fto0457to19ff857b77fa
true,dd-0,false,1167969,1.1642532348632813,1174869,56e3f9c5to09b2to52d7tof124to3bc5cb052f3a
true,cnn_image_classification-0,false,5106210,5.1020941734313965,5113760,631b38b1toff4cto0c2ato4f59to74dcb42c9499
true,pyaes-0,false,2683931,2.6800649166107178,2691625,45d96990tofa0ato8f8btoe1ebtoeca625c2294c
true,dd-0,false,1122946,1.118889093399048,1129605,409f0f53to6f8bto2f00tobf6atof77f097123e0
true,image_processing-0,false,2208874,2.2056469917297363,2216241,a89bef40to386bto2b63to0c27tofde02bd9ed06
true,image_processing-0,false,2177005,2.173853635787964,2185669,d83251b4to2229tod95fto0690to551c86c0e2b6
true,image_processing-0,false,2165343,2.1620357036590576,2172722,c150cc4eto4a8cto63e0tob518to2f75702357e6
true,image_processing-0,false,2139108,2.1352946758270264,2146835,b8cb4f16to9b90to793fto787cto1b782d1825f8
true,dd-0,false,1166421,1.1624224185943604,1173792,e6daa141to61f5to1fbatoc4f7tod9cff58d6ad1
true,cnn_image_classification-0,false,9403704,9.394623517990112,9410095,f2c83e01todc80to948ctof793toae98f7144305
true,image_processing-0,false,2160067,2.1566457748413086,2167651,70d6aca9toebacto71acto00b2to786ec3ffffb7
true,cnn_image_classification-0,false,10092150,10.087143182754517,10100076,e921a3f0to717bto4bc2todb8etoda588635830a
true,dd-0,false,1097898,1.0939877033233645,1105503,6d67b3b5to2734toffafto8b88to3fcb3421cf66
true,image_processing-0,false,2375355,2.3722352981567383,2382974,4a1d188cto4367to45d3todf29to25171a0dc01b
true,pyaes-0,false,2699308,2.6955277919769287,2707077,a2f1eb6ctoa7c2to12bdtof7b1todef84c54c047
true,pyaes-0,false,2700664,2.6968390941619873,2708069,e81ca76fto1853to418etocdf1to9aee593015b3
true,pyaes-0,false,2771083,2.767443895339966,2778571,768d542fto450dto3fc8todaddtob28bb6c4d776
true,image_processing-0,false,2262664,2.2589242458343506,2270292,77ba8dd0to2685to4492to205dtof44e68453505
true,cnn_image_classification-0,false,3777718,3.773773431777954,3785306,339bf4ccto89e4to0b20to33d0to160e29d66006
true,dd-0,false,1205400,1.2014610767364502,1212735,8319e745todbcdto36d7tocf41to3fc6cc20498f
true,cnn_image_classification-0,false,10265287,10.260231018066406,10272788,fbcb3f42tod6fbtoc2aetof160to0afd88032d52
true,pyaes-0,false,2960332,2.955719232559204,2967923,ee997546to5a73to2a18to7159toffafb373c133
true,cnn_image_classification-0,false,6926049,6.920986652374268,6932950,90f21a3ato3443to7bb4to2150toc0d6fc7bf6e0
true,dd-0,false,1222829,1.2185471057891846,1230128,b3b321c5toa77eto60e6toe036tof795286e10f2
true,cnn_image_classification-0,false,6581582,6.576686859130859,6588708,96ec7664toc738to881bto4385to8125fedea601
true,cnn_image_classification-0,false,11176330,11.170335054397585,11183582,267076f8to4930toad9atoae39to87143833a0ef
true,dd-0,false,1298450,1.2942404747009275,1305946,dda7155ctod01ftoe309toce89tobdc0876d2010
true,cnn_image_classification-0,false,2931466,2.926529884338379,2938510,36b1f7e9to6790todc36to862cto13f47f7d7ab9
true,pyaes-0,false,3029922,3.0255820751190186,3037447,f0600ee6tod8a1toa875to939eto536c776cd95e
true,pyaes-0,false,3026946,3.022899866104126,3033665,0becc7c5toe4f2to82f9to6e07to81e7c36aa0e9
true,cnn_image_classification-0,false,6701089,6.697218656539917,6707784,0e71d994toffc7toba92to5af8to80ea90fc5b49
true,image_processing-0,false,2388330,2.384793281555176,2395411,c2f3c203tofc8fto7712to1918to2c9df10d8609
true,cnn_image_classification-0,false,6785430,6.780615568161011,6793598,23f78e36to48f2to1e4dtoe338tofa488694a158
true,dd-0,false,1287212,1.283393383026123,1294118,db3a02ecto585eto49f2to4edfto9c19f0ccbe86
true,cnn_image_classification-0,false,9962687,9.957356452941896,9970360,8a3b2b83tob605to0413to1f40tof668110df95b
true,pyaes-0,false,3042782,3.038740634918213,3050490,deb7f9b0to00ffto03ccto35abto0dc480ee3ce0
true,cnn_image_classification-0,false,3528552,3.5240283012390137,3536227,304d2eabto07b7to46d7to70f4tob28b8317d041
true,image_processing-0,false,2456957,2.452995538711548,2465390,07ddb8a8toc951to7691tob906todbdaf2bb8094
true,pyaes-0,false,2986753,2.982593774795532,2995095,e406781btof3aetof850to2743toe28b50dd55f7
true,cnn_image_classification-0,false,7692789,7.688068866729736,7701041,92bdc125to900fto6a04to2232tob5d07c1cc445
true,pyaes-0,false,3104247,3.0991742610931396,3114319,b8d04702to5487todc94toa5b2to879d63b82a99
true,dd-0,false,1228841,1.2241556644439695,1236735,58934726to072cto463eto02a1to33029a9bfae0
true,image_processing-0,false,2478802,2.4748566150665283,2485811,15b7a82eto7d7fto6bafto7b09to8bc0021c62db
true,image_processing-0,false,2432282,2.426921844482422,2438689,2e4f89d6toe996tof70ftod268toab8c3d5475c8
true,pyaes-0,false,3097149,3.0921401977539063,3107662,990eea1btof40ftobfa6to6ff6toee801e459e39
true,cnn_image_classification-0,false,3657878,3.6521689891815186,3665777,50feff18to4e85to0099tof626to05b670ee201b
true,image_processing-0,false,2506647,2.5025601387023926,2514616,490b034ctoc9f7to03f1tof080to57b47528e3be
true,image_processing-0,false,2699295,2.69527530670166,2706790,8f8d0b9ctoe992to145etoed9cto3120823a8953
true,dd-0,false,1284640,1.2790136337280271,1294404,af7ef394to98bdto5647to76f1to85d36acd216b
true,image_processing-0,false,2751531,2.747427225112915,2759587,8d36eb38to1644to1cfato0de6to050b4768b071
true,cnn_image_classification-0,false,3797061,3.792729377746582,3804686,5aee5d66to80b8to3d07to403ato027997b34b24
true,cnn_image_classification-0,false,3887054,3.8826377391815186,3894753,cda0f341to3f30toa09ctoff78toed666802239e
true,pyaes-0,false,3424065,3.4194648265838623,3431955,71f1e554to2c9eto5320to2b22to033ee321aca9
true,cnn_image_classification-0,true,5039943,1.776214361190796,6188875,5b7edd7fto7385to1be6todaeato62dd7c2b47e1
true,dd-0,false,1533539,1.5282375812530518,1540878,672d1d13to897eto3255to5959to9133cfdfde0f
true,dd-0,false,1391959,1.3827648162841797,1400406,e85c2385to5e97to8228tobe56to2d455f7a756f
true,pyaes-0,false,2981778,2.9783191680908203,2998098,35e9c3e2toccceto63d0to8e8eto20ee52807794
true,pyaes-0,false,3052141,3.0487465858459473,3061399,918ffd1btoec51to98c4tod30ctoa2d7ddf0fda5
true,dd-0,false,1576735,1.5702667236328125,1588747,05721495to25betocc63to156cto16e9c2e101f4
true,dd-0,false,1410310,1.406397581100464,1424723,8d3e31d5to739etof5d1to7eeato3cbaac594e55
true,pyaes-0,false,2904350,2.9004294872283936,2911781,b4930a99toabaftoe8b3toa8a9to531beb08a41d
true,dd-0,false,1286876,1.2831430435180664,1293524,9d4dc1e0to7118to0cdfto5635to4140763488d9
true,pyaes-0,false,2881624,2.877798557281494,2889042,b1954d68to8699toc2e4to0584tob24c6203677a
true,pyaes-0,false,2845337,2.8417348861694336,2853282,132188b9to508cto2af5tod9fato4cb2d8eb0f67
true,cnn_image_classification-0,false,7953210,7.948453187942505,7960964,bf80cec3toddd3to462dto3f2dtofffc08412fbc
true,image_processing-0,false,2246469,2.2429258823394775,2254283,99976238to05ebto6b37toe249to125a9458b307
true,dd-0,false,1258368,1.2543692588806152,1265795,315d3aa4to188atoce80to9054to21a84c27fa6f
true,pyaes-0,false,2820296,2.816720724105835,2827949,f193217atob391to0b07to2b97to637634787f60
true,dd-0,false,1238745,1.2347691059112549,1246193,28a0719dto0612to4b8ctof250to30787c1e00a4
true,pyaes-0,false,2740917,2.73720121383667,2748489,d52b9141toe76etoaeactoa36ato758a0fd4ae63
true,cnn_image_classification-0,false,7839392,7.833808660507202,7846899,706997a2to77bcto9250to4412tof9c538dda4a0
true,dd-0,false,1200699,1.1967816352844238,1207842,570a30f4to0459tobd90to869ctoa708a69f626a
true,image_processing-0,false,2205039,2.2013936042785645,2212296,c3570b99to857etof19dtofbebto53a7c4d8ed51
true,image_processing-0,false,2248072,2.244633197784424,2254825,dc794922to4c67to1ba0to1411todb7d23ba4f1b
true,image_processing-0,false,2173972,2.1709043979644775,2181026,e58768feto3978toe71ato05b6to148f0ba90454
true,dd-0,false,1204608,1.2007052898406982,1211951,e44e3de4to429dtod769tod6bctof4f6f05f1bec
true,dd-0,false,1237035,1.2331130504608154,1244552,ebffb18dto9e57tofb2btoa1d2toc7404f4a40ed
true,pyaes-0,false,2660982,2.6572299003601074,2668872,801a341fto3cdcto73b9to3a17to3bc5855950b5
true,image_processing-0,false,2328775,2.325376510620117,2336243,7400d37ato7e32to3394to00ccto3e32ab61d4d4
true,dd-0,false,1194403,1.190530776977539,1201867,60d1d7c6to1f88to31a9to5b1ftod0b04d195e7f
true,cnn_image_classification-0,false,1206859,1.20265793800354,1213662,16887fc9to03f1to8eb9to46edto9acff912a670
true,pyaes-0,false,2565587,2.5621893405914307,2573458,61bf1564to3bfctoc634toffd7tocf548cc10e5d
true,pyaes-0,false,2523984,2.5203604698181152,2531925,1b573a57tob067to547eto59ceto93dbc2ef25e4
true,pyaes-0,false,2543988,2.5402379035949707,2551438,e0b28632to6541to913cto4ddfto58af45125b57
true,pyaes-0,false,2589230,2.5859060287475586,2596651,19a0bea5to666ctoe07bto6d7dtod069b2c19b7c
true,image_processing-0,false,2076606,2.0733397006988525,2084496,e684d227to66bbtoe9c8to54e8to1b2bd62a012f
true,pyaes-0,false,2601513,2.597967624664306,2609184,46c1a534to16e9to1bcdto3291to400a4f5c58fb
true,image_processing-0,false,2164568,2.161360263824463,2171914,7d8d17e6tofacato8335to399cto92fb680f9a09
true,dd-0,false,1201576,1.1979799270629885,1208233,11645490to9d03toa2bfto6fbdtoe9f9f52bdb30
true,image_processing-0,false,2170788,2.167781352996826,2177402,c74d4feato481eto1a1dto2808to2e453753ba72
true,image_processing-0,false,2124755,2.121426582336426,2132627,0b460585to4255tod312toa154to6c803bf4f5bb
true,pyaes-0,false,2572382,2.5689992904663086,2579530,f1c26cd9to1d0eto6988to7050toadf7c6210ce2
true,dd-0,false,1167591,1.163797378540039,1174914,d47e8c0btodc93tobec1toeeb1tobd26576a6e74
true,cnn_image_classification-0,false,8517682,8.512140989303589,8525616,a3291340toccd4toc2b0tocdc1tob6a59f5ed4f6
true,image_processing-0,false,2049644,2.046314239501953,2057597,f769c2f6tocd6eto08e1toc4b9to9ec0d10b8c1e
true,image_processing-0,false,2065627,2.062191963195801,2073260,424f8fe8to4255to3674to9cbftod499c6b25e4b
true,image_processing-0,false,2160316,2.1567938327789307,2168049,22eb3569tobb33to81datob27btofe2a78543614
true,cnn_image_classification-0,false,8844407,8.839665651321411,8851860,cd399c67toc23ato428btoe4dftod945e94ed0ac
true,cnn_image_classification-0,false,1183777,1.1802833080291748,1191040,9a314719tofc75to4bb6to77fbto94cba98a8920
true,cnn_image_classification-0,false,9593189,9.588539600372314,9600932,1880a85dtoe87eto6c22toa7cbto4f77b8943c6e
true,dd-0,false,1181355,1.1774685382843018,1188694,dc39da49toc4a0to316eto9040to8a792de8d894
true,cnn_image_classification-0,false,8459914,8.4541916847229,8467375,32640187toa861tob15dto979ato1b6949deacd5
true,dd-0,false,1184357,1.1803700923919678,1192015,91a445f5to7c53toe7d6to37c4to37097ab5288d
true,cnn_image_classification-0,false,6507176,6.502872943878174,6514880,f2e00dd8to5ecdto2d5ctoe510to062c3c7a3dba
true,pyaes-0,false,2656735,2.6527748107910156,2664879,af32aef3toaa48toc4adto9b4btoa629b1140a18
true,cnn_image_classification-0,false,3371502,3.3669466972351074,3380014,4bf944b6to5606tob7d9to5b02todcd0dbbc816b
true,dd-0,false,1215879,1.2118594646453855,1223973,098ffbcbtob46ctof27ftoe2e4to794b4ead4632
true,pyaes-0,false,2732946,2.7290899753570557,2740383,d59b87e7tobab7to37deto472fto8fd65965fa5e
true,pyaes-0,false,2805066,2.801504611968994,2812606,ca0a6d18toc6dctoe922tob011to24757bb5dd36
true,dd-0,false,1266950,1.2627677917480469,1274767,45bc431atoe35etof9f3tod869tob60f5e4538a1
true,cnn_image_classification-0,false,1421983,1.41792631149292,1429312,9ac3c9cfto403fto10b5toc319to5f53a580fb14
true,image_processing-0,false,2337930,2.333779811859131,2345890,99a41c2fto9e92toe92dto5a92tob975090556f1
true,dd-0,false,1286148,1.281763792037964,1293944,3eec27dfto2c61to29c1to46ecto700fd793f92b
true,dd-0,false,1311125,1.3073484897613523,1318282,e8c8833dtoce3eto7c3cto6b8ftobb5ca8976f37
true,dd-0,false,1282168,1.2778382301330566,1290041,64ec3b80to84c4toee5bto4e09tofceef411fc69
true,dd-0,false,1212370,1.2085247039794922,1219846,a2b9c44dto5646to4ff5to596cto74bfe05b3755
true,cnn_image_classification-0,false,1504424,1.5007500648498535,1512855,a1d39ff0to06c0to875fto468ftod2c30742ccc9
true,cnn_image_classification-0,false,3309266,3.305456161499023,3317011,c6ce5567to046etob604to423dto736d30046fe1
true,pyaes-0,false,2711970,2.7080612182617188,2719724,ac7c0170toc06ctoc0aato8461tod6ed97076828
true,cnn_image_classification-0,false,3123422,3.1192374229431152,3131239,c50a733cto514etoa8b4to3882to02ce203495db
true,pyaes-0,false,2715329,2.711566686630249,2722875,6f65c9b2to2025to29a9to9710tob961c569a4ee
true,image_processing-0,false,2207847,2.204395294189453,2215519,b8d14fbato6bc9to387eto1d70to0fe3b3f6380c
true,dd-0,false,1205399,1.2014830112457275,1212993,b878382bto9646to4b96to18f2to4828f2077dcd
true,dd-0,false,1174165,1.1699793338775637,1182168,6136835btodc78tocacdtoe66cto6b005c950f58
true,pyaes-0,false,2750989,2.747211456298828,2758571,b21d7a11tof879to8009tobe90to6a0fa7c55737
true,pyaes-0,false,2749824,2.7460451126098633,2757558,5fdf1178toe690to7397to1510toe463903ccdfd
true,pyaes-0,false,2743522,2.7396373748779297,2751197,db803f50tod67bto09d5tocc7eto3f745f319249
true,dd-0,false,1149128,1.145587921142578,1157247,5838125dto4676to9239to87a7to8b60ab003cca
true,image_processing-0,false,2272959,2.269456148147583,2280577,dcd9de2ato2cdetocbb9to72betoe8a078370c25
true,image_processing-0,false,2260320,2.256652593612671,2267225,f8a93b20toa0d7to4164to6bactoe3968a506468
true,pyaes-0,false,2745280,2.741208791732788,2752787,90720684to1a9dto0935tobccato1574b0d257f4
true,image_processing-0,false,2214183,2.2106246948242188,2222237,a1fa1898to83f4toaf4fto2e84tofa8a0ab59356
true,pyaes-0,false,2724725,2.7217466831207275,2731873,1a247a2ato9f7dto260etodcd5to7a6cd01b4f6c
true,cnn_image_classification-0,false,3102620,3.098708152770996,3109667,89c3e6c5to41d2toeabeto5555to4ee498a2abe4
true,image_processing-0,false,2260773,2.257404088973999,2268166,9d27f276to3efdto7f73to64f5tob1c50ac3866e
true,cnn_image_classification-0,false,8963592,8.958747863769531,8970834,633f33fdtof722to9726to79f7to35214bdb91d2
true,cnn_image_classification-0,false,3336214,3.3318395614624023,3344095,2d980e5bto2faftoe3abto5645to444eccc4c414
true,dd-0,false,1223561,1.219925880432129,1230891,1fca6368to135fto4581tob73fto45f35517d2cf
true,dd-0,false,1223831,1.220010757446289,1231136,690936b1to0c54to5e73to3723to1b961e640d14
true,image_processing-0,false,2200112,2.196589231491089,2207238,a0cc8141to64a1to4e61tod93fto140e6ed52847
true,pyaes-0,false,2704902,2.7010416984558105,2712621,e0930a47to0fb6tofec2to7264to1cb1cecfaed9
true,cnn_image_classification-0,false,9737469,9.732658624649048,9744969,7a9302c3tod394to84a6to39a9tob4f361a9db6f
true,dd-0,false,1195043,1.191138505935669,1203010,67a74304to1e14to722bto462dto521ef2dff1ed
true,dd-0,false,1288164,1.284304141998291,1295510,2f948c7fto4266to6e87to0bb6toe8afc2658a16
true,cnn_image_classification-0,false,8590943,8.585642337799072,8598438,e7103479to198fto8b9bto314cto8899901d7270
true,image_processing-0,false,2127530,2.124387264251709,2135055,b900a7c4to5484to2862to0166toe713c78dbb5b
true,dd-0,false,1197907,1.1943762302398682,1205232,e4b5a6fftod266to3a42toc00dto95a1e2eafce5
true,pyaes-0,false,2651364,2.64744234085083,2658859,33e46c14to15e0to827ato44cbtod267b82a69e4
true,image_processing-0,false,2123547,2.1200551986694336,2130467,bb57dcd0to87ceto5d18to80a7todc750f4fa646
true,cnn_image_classification-0,false,3259534,3.255528450012207,3266535,f79fe3fbto7dc3tob8c4to2004to33c33e80b6b7
true,cnn_image_classification-0,false,6950989,6.946137428283691,6958678,b788144eto63f3todc2cto89betod20f806b4bc5
true,dd-0,false,1266053,1.2620084285736084,1273596,d29d555dto3e60to3b3ctoab39to371dbdf46083
true,image_processing-0,false,2211710,2.208160638809204,2219658,eceac69bto0513toccbato27a8toc66ab973fb22
true,dd-0,false,1256043,1.2519595623016355,1263805,d967d198toa809to72dbtobee1to0a5a085d99be
true,image_processing-0,false,2182593,2.1792399883270264,2189322,e22db0c9to0436toa132to1299toe9718ef3d79b
true,cnn_image_classification-0,false,3790137,3.7849044799804688,3797821,07f31d5dtofff4toa7f6to7f68to6c098d9b8abf
true,dd-0,false,1204229,1.2002196311950684,1211655,4d57dcb1to68eeto1b35to296ctoad22a600b49f
true,image_processing-0,false,2141249,2.1376876831054688,2149024,f4072235to2f61tob3e8to09d2toad18da8ad828
true,dd-0,false,1136056,1.132110595703125,1143876,b657b940to5611toa529tocf80to87bbd597d790
true,pyaes-0,false,2746603,2.7429323196411133,2753731,e5cb292btoe9aetobed4to89b1toff4caa92c4fe
true,pyaes-0,false,2907931,2.904226064682007,2915175,4903c965tod5bato7250to493dto5fb6cbf7cda1
true,image_processing-0,false,2233779,2.2306039333343506,2241226,c8df8dd0to33e0to0284toab4ato14efc2a71773
true,dd-0,false,1206052,1.2020883560180664,1213514,518218b0to98ecto4bbctoaf26tob50e04e47b93
true,image_processing-0,false,2349828,2.346270799636841,2356885,6b37a874to3e3btob7fatoeb35to36e31ae948e3
true,cnn_image_classification-0,false,3652032,3.648109436035156,3659007,90889547toe3ebto2076to6a39tod1fa63365896
true,image_processing-0,false,2367317,2.3637688159942627,2375067,a24cda40to2f85toe8a5toec77tod64fecc4d6ce
true,cnn_image_classification-0,false,8851431,8.845278263092041,8858960,63af7af3to97c8toa6a8to5c33to1ced5fd31a33
true,cnn_image_classification-0,false,1525805,1.5213239192962646,1533489,676833c2to9cd2to524bto9088to9c60a633549d
true,pyaes-0,false,3015920,3.01208758354187,3023088,d6c921eftobe60to8291to1b06to25f1a1d8b591
true,pyaes-0,false,2929358,2.9256606101989746,2936298,91dad55cto0629to7eb0to551ato4cdef83e958c
true,pyaes-0,false,2960280,2.957080364227295,2967550,113052fatocab4to8f3fto7f23to43765f8c3bb2
true,image_processing-0,false,2414208,2.410907745361328,2421376,c2885ccdto2599to87eetobc43to5e058adb3bdd
true,pyaes-0,false,3066759,3.060142517089844,3073194,763b2893to0f55to0a91to09f5tob72235e8577a
true,cnn_image_classification-0,false,3854195,3.849635124206543,3861797,44701e90tod806tocd04toc70ftofd47c7ccfaee
true,image_processing-0,false,2369893,2.3666915893554688,2376501,3c3e2768toe44ato74e7tof363to6ef5311d7044
true,cnn_image_classification-0,false,3060168,3.0561540126800537,3067445,6d0e8bdetof376toffc8to43a4tof787699e1a58
true,image_processing-0,false,2545208,2.541860342025757,2551474,185c77d1to0602to83fbto1276to0715cfa79411
true,image_processing-0,false,2391277,2.38793683052063,2398588,f41c2c12to9614to8532to3b0atocf18bd110351
true,image_processing-0,false,2407831,2.4045615196228027,2415537,91df5803toec56to3501to1b27to3a81db52f015
true,image_processing-0,false,2548203,2.5446295738220215,2555080,2e775f83tofb97tof7a1to7e46to7f45397ef4e4
true,dd-0,false,1321500,1.3173704147338867,1328426,e621ac3eto4c29toa2d4tof61ato81a025dfd2b3
true,image_processing-0,false,2427489,2.4238274097442627,2435192,4632e145to80eftoe58bto1329to01b43166dc7e
true,image_processing-0,false,2454238,2.4508869647979736,2461193,c5e2a87ato6b71to205dto23f8to445f4dd92a65
true,cnn_image_classification-0,false,6417641,6.41315221786499,6425927,2667e61etod01ato9956to8685to246652e5a2e8
true,dd-0,false,1369621,1.3653230667114258,1377345,082eacd6toc741to3abfto91f2to520f8e54ec4a
true,dd-0,false,1323222,1.3199384212493896,1330357,5636ecc9to0845to8534to7945tobb9c2e20306e
true,image_processing-0,true,2359578,2.217695713043213,3283675,7e708c34to6557tofac2to4465tod3c9ea41267d
true,image_processing-0,false,2333225,2.330073118209839,2340162,6b221d2ctoaec2to134bto28edto8e74809f0a35
true,image_processing-0,true,2351327,2.2292466163635254,3276929,d5c25017to78a3toee45to677bto4d144bbeab47
true,dd-0,false,1305634,1.3016843795776367,1312626,f1f55875toa2c2to0afdto3e93tob3aa3d0e0312
true,pyaes-0,false,2829490,2.8263912200927734,2837348,c9a125f9to227ato9814tof9b9toa4f882d9a9c5
true,dd-0,false,1269160,1.2651171684265137,1276663,151ad7f9to969dto6f3eto11beto58fb12e17410
true,cnn_image_classification-0,false,3524256,3.52083969116211,3531901,536d233dtofea5to9350toc687to940fd0324231
true,dd-0,false,1193061,1.189103603363037,1200197,0277bca6toada0to118eto1543to07c6175e09ad
true,dd-0,false,1202594,1.1989834308624268,1209847,b7ea40cctoa0ddto1b76to03ebtoab41641ab1f3
true,pyaes-0,false,2675720,2.6718549728393555,2683801,a646893ctoc817to2765tofeactofbeabc6ad9c2
true,pyaes-0,false,2693550,2.689833402633667,2700723,724db59bto6d6dto1624to9f48to7d2381379293
true,pyaes-0,false,2665004,2.661104440689087,2672498,53980b59tobd5atoa74ato9c7cto61106fa75661
true,dd-0,false,1201038,1.1970982551574707,1208314,059bf839to66f1to07ffto343ctoe726b67246d6
true,cnn_image_classification-0,false,2484089,2.480217695236206,2491170,c44d5c29tofa48tofc8atof931toad734a96c04d
true,dd-0,false,1089537,1.085743427276611,1096806,926bec2eto66c3tobbacto4456to079f99338ea7
true,cnn_image_classification-0,false,9407926,9.40299105644226,9415221,5b71c9d8tod352to2c97to58aftoc1af7f951e96
true,image_processing-0,false,2118116,2.1146254539489746,2125758,8fb0af72to93d9to78a8to9078toe779cdd681a5
true,pyaes-0,false,2667416,2.6636273860931396,2675093,cbb5b15dtof1d0toddb4toc6edtob8fe6978835a
true,pyaes-0,false,2919187,2.9154467582702637,2927033,199d512fto2897to82b1tof16ctob46dc67baaf4
true,pyaes-0,false,2698229,2.6944315433502197,2705660,a671175etoef4atoa9f3to4900tof405fe0da9cc
true,cnn_image_classification-0,false,3534210,3.5301852226257324,3541754,f9329974tobebeto7a0ctoca40to71ae73181094
true,pyaes-0,false,2726538,2.7229297161102295,2734164,df32352fto270fto5bb9to58a5to4da0ddca05d3
true,pyaes-0,false,3068531,3.064969062805176,3076424,1867b5bcto5e0fto1d30to1593tob2b14ba65287
true,dd-0,false,1212760,1.2089781761169434,1219676,66e37615to4585to602ctoa7ecto05767e286316
true,image_processing-0,false,2246175,2.2429187297821045,2253380,65f8c1b4tofb48to2214toed99to214710eb8c57
true,cnn_image_classification-0,false,2632629,2.628530979156494,2639660,bc7fd90ctoeba0to1053to1a87to93d6a432aa19
true,cnn_image_classification-0,false,8635837,8.630860328674316,8643022,c5362308to533ctob82bto7d38to628f87b87ed6
true,pyaes-0,false,2713192,2.709656000137329,2720581,dcdc0a23to4401toedc0toc4d7toe5cb71a28f55
true,pyaes-0,false,2695848,2.692267894744873,2703458,49d98c9eto1904tob6acto2255to12259ff80e7b
true,image_processing-0,false,2149528,2.1462090015411377,2156693,c0fc5b0ato3003to3b85to605dto991487d311a3
true,cnn_image_classification-0,false,6512318,6.507772445678711,6520005,b0b9e25cto7627to7199todc41tocbc5320399df
true,image_processing-0,false,2189093,2.185840845108032,2196962,9f33ddf0to180bto8bfctofcb8tod6525a7433d4
true,cnn_image_classification-0,false,3500731,3.4968419075012207,3508670,b77d8fc0to8b24to55batoe771to99711d17602d
true,pyaes-0,false,2609232,2.6056690216064453,2616359,28c25e38to0cf1to9011to945fto0823045bb5e9
true,pyaes-0,false,2581332,2.5779953002929688,2587961,4c007674to624cto5e4cto00ffto7c7194a9b231
true,image_processing-0,false,2090746,2.0873188972473145,2097559,1df92833to3be6todc17toc5d6to170044894882
true,pyaes-0,false,2584971,2.581486463546753,2592560,49523294to9c35to1de9toc05ftoc996da0e2237
true,image_processing-0,false,2214113,2.2109267711639404,2221452,034a3ae4tob33dto512eto90cfto95ab9d0588b2
true,cnn_image_classification-0,false,3668036,3.6639347076416016,3675426,dee6334ato2df2to9076to2dc2toecaf641916b4
true,dd-0,false,1151744,1.1479904651641846,1159756,3cdabc7bto1d03toc607to84b6tof14dc98b16d6
true,cnn_image_classification-0,false,3115065,3.1100385189056396,3122756,267c1817to695eto1488to3a41toa19c9c26ad12
true,image_processing-0,false,2206731,2.203338623046875,2214313,14e51debtoa288to63b0to7af7to99a15b9aac30
true,image_processing-0,false,2289413,2.2857861518859863,2296831,189e559fto1ef5to466eto7f1ctofd8693d1d14c
true,dd-0,false,1255855,1.2515504360198977,1264277,9b16bbc9toa616to25f8to231atoc722f7d93789
true,image_processing-0,false,2337934,2.3342349529266357,2345712,eefd9e65toe538to93ddto3853to000d128b51fb
true,image_processing-0,false,2332164,2.3285298347473145,2339970,30007042to94b2tob0edto0a1ctocda1b6e87808
true,cnn_image_classification-0,false,3803909,3.800048589706421,3811422,ad92e735to862ctoce61to239ctodc08a21cb6ab
true,dd-0,false,1208180,1.204073429107666,1215736,e056a385to118dto25c9tofeeeto467463ee55bb
true,image_processing-0,false,2248048,2.245306491851806,2255055,74ce5bd7to2ca8todd6etobcceto258bc4b82827
true,image_processing-0,false,2279998,2.2762815952301025,2287967,ff59ba89tobc7etoba77to07a0toe962bdb32072
true,dd-0,false,1198764,1.194483757019043,1206925,0019d282to77d5to87d1toefe5to1d99c5b72b99
true,cnn_image_classification-0,false,8442228,8.437638759613037,8450074,f8554386to2a7cto93b9to9f06to11919175a1f1
true,cnn_image_classification-0,false,1509601,1.5049972534179688,1517219,5e638d5atoe4catoad62to1de1toff1d5a2e419a
true,cnn_image_classification-0,false,9372603,9.367986917495728,9379806,d95fc7d4to3ac5to2461toffedto3449e338bc22
true,image_processing-0,false,2193436,2.1902780532836914,2201263,96312332to1f5bto2930to6aadtob8b386727787
true,pyaes-0,false,2641895,2.637847661972046,2649544,1393fce6toa00dto161dto574btoeda838b677fd
true,cnn_image_classification-0,false,3495307,3.4909732341766357,3502504,478f30eftoc8a9to60f2tof98ctob715b2413acb
true,image_processing-0,false,2108969,2.1056160926818848,2115751,29941c2bto942btofa75tobeactod67ad92c2da4
true,cnn_image_classification-0,false,2942894,2.9388980865478516,2950644,dbd91ff1to1215to4014toa91etob4ca82e524a2
true,dd-0,false,1185555,1.181833028793335,1191651,90684709to7908tod40eto8795tofc2c418472ca
true,dd-0,false,1242019,1.237912893295288,1250089,ddddfb0ato5929to82ceto4c9atoaeca7a66aa4a
true,image_processing-0,false,2293081,2.289608955383301,2301006,9382afbetoc54etoddccto667etoab3df5319c0a
true,pyaes-0,false,2784537,2.7807581424713135,2792133,f7224f83to1c7ato98f8to9223to716424e94b5c
true,dd-0,false,1262029,1.258012056350708,1269634,0c7c6171to6179tob632to7d17toe813fece770c
true,cnn_image_classification-0,false,3889351,3.885149955749512,3897413,7e031f3atobb40to9045to5d52to663937c2f6ef
true,pyaes-0,false,2819180,2.8151071071624756,2826430,73f56c59tofc8bto4a2cto4d5bto7404b5b59d59
true,dd-0,false,1227473,1.2234392166137695,1235127,453a7476to8450to2d3fto7e8eto73f4b9da3cb3
true,dd-0,false,1340878,1.3369581699371338,1348410,9d558e2atoa757to0e6eto993ftoab7b0594d38e
true,cnn_image_classification-0,false,1712771,1.7087531089782717,1720366,77342bc9to6d32todd5btofc70toe50a38fd121e
true,image_processing-0,false,2249452,2.245701789855957,2257178,30b61189toba37to96c5to37eato027de86063fd
true,image_processing-0,false,2271307,2.267868995666504,2278812,91bbaafetofd35toa5ddto1d49to8fe32e91d353
true,pyaes-0,false,2670491,2.6666300296783447,2678018,c4348cb0to777ctod81bto5d42tob1f18d87c350
true,dd-0,false,1193618,1.1893506050109863,1201548,fb49fe0cto4fe6to01feto10f1to424c9c28e463
true,cnn_image_classification-0,false,3078658,3.074324607849121,3086888,f3a26265tod6adto0e9dto5116to8d8e69655735
true,cnn_image_classification-0,false,3547935,3.543102502822876,3555253,81a11f51toe128toba0atob5detoeebd9045f2eb
true,image_processing-0,false,2147566,2.144428014755249,2154765,102b705dto05d9tofbe3to0b1cto74f3deb27abf
true,cnn_image_classification-0,false,1632075,1.628429651260376,1639407,29604557to4e7atoa388to4776toa3da82e4b17b
true,image_processing-0,false,2153996,2.1507279872894287,2161223,297b9e07toe8b6to96adto025fto18d813795947
true,dd-0,false,1206160,1.2024009227752686,1213097,a8e1f091to5d3ato59f7toe64ato7c13fd1eb47a
true,pyaes-0,false,2641455,2.6379916667938232,2647975,3e75cc4dto0b15to76e9to6307to00dc906eb918
true,dd-0,false,1204366,1.200364112854004,1211938,abf36fc3to4068tocdf8to459bto3cd6c6750f4f
true,pyaes-0,false,2614166,2.610518217086792,2622411,05819f08to45ceto8c3atof3b7toe5ccd0b80dfa
true,image_processing-0,false,2118729,2.115506410598755,2125309,9b555560tofe2dto91a2to3456to3deaa512dbcc
true,image_processing-0,false,2134067,2.130560398101806,2141675,e922c13atoeea2toa3cctodc4eto86a5bcfc218c
true,pyaes-0,false,2545966,2.542454719543457,2553276,d6f9731eto09f1to40e2tobaffto580914e3d032
true,pyaes-0,false,2650386,2.6467480659484863,2657157,90c2a5c9to9b6ato55adto22bbto748af7736406
true,dd-0,false,1112837,1.1093406677246094,1120069,79a4f032to012bto1765toa1a7to81e69b0c2a73
true,pyaes-0,false,2623892,2.6204323768615723,2631300,6e649094to861dto434bto3f45to70b0779db147
true,dd-0,false,1140610,1.1368892192840576,1147827,450afceato49dcto1a69to3c2eto4a09a88da66a
true,image_processing-0,false,2264035,2.2610204219818115,2271141,e013acfdtof5abtoac54toa5d6to078900b41c86
true,pyaes-0,false,2517211,2.513557195663452,2524951,da38d57btoffe6toead0tod00ato9a9c723d4943
true,pyaes-0,false,2493395,2.489799737930298,2500688,8975eb49to3e77to9ffdto8710toc6e0b4c82b5b
true,image_processing-0,false,2101818,2.0984432697296143,2109048,4ae88dccto0a2dto3a3ato8155to889156f79d31
true,image_processing-0,false,2438407,2.4350903034210205,2446159,00755bf4to0e17to3e7bto1bb0to7dc313c8048f
true,dd-0,false,1110105,1.1063225269317627,1117854,6b30646dtobf79to0540to3164to48fceb0d1049
true,image_processing-0,false,2028367,2.0251097679138184,2036182,807b426ato55aato55b9to2cabtoda4174a21b0e
true,dd-0,false,1067565,1.063870191574097,1074747,34419682toc727to62a1tod3c8tod80e87878a1d
true,image_processing-0,false,2119278,2.115964889526367,2126692,636bc0actobc1bto0a64toa904toe9f792c53bd6
true,pyaes-0,false,2500018,2.4966323375701904,2507467,289f3aedtodc36to0c30toe934tod579a53cb0e8
true,pyaes-0,false,2586016,2.582458257675171,2593430,b687ec93to71f9to8f39to25e3to4e7ac319170d
true,pyaes-0,false,2623868,2.6205193996429443,2630483,459c6965toe7a8to1517tof907tod2e1262d322d
true,dd-0,false,1130861,1.1270878314971924,1137778,3fd70238to5377to3188to692atoddec3847421f
true,pyaes-0,false,2641996,2.6384530067443848,2649372,ce54af04to3c00to98c3tode60tod1ba735ada92
true,cnn_image_classification-0,false,9633737,9.628031492233276,9641353,e8787bf5to5cc2to4ebftof0f1tof95c7cfff00b
true,image_processing-0,false,2289382,2.2860848903656006,2297232,22d6f89fto8dcfto392ctod573to1b6629710c83
true,image_processing-0,false,2165339,2.1620326042175293,2172788,c9f47e92to810eto9d0ato6c28to5e12184f5fd0
true,image_processing-0,false,2159263,2.155863046646118,2166708,44562f27to4bfbto755ftob7b9to7642b449e4e6
true,pyaes-0,false,2567087,2.5633902549743652,2574306,5822faa4to8b2cto3dfbto76f9tob467b47138aa
true,cnn_image_classification-0,false,8114049,8.109457015991211,8121508,cafae2c3to2ae0to917fto000eto395977122d4f
true,dd-0,false,1139075,1.1353137493133545,1146405,ba4f0e48to85d7to4ae3to35d8to41b1e8a132e5
true,image_processing-0,false,2211653,2.208420753479004,2219192,f50c5742to3643toe086to87f3tofd3bcc55bea5
true,pyaes-0,false,2581858,2.5789411067962646,2589777,ebbcae59tobe82tob085to2f64to5af112564540
true,image_processing-0,false,2172151,2.16900372505188,2179765,b97a8eb6toc43cto4fdato88f4to6a2a779bf239
true,dd-0,false,1178478,1.174628973007202,1185810,5314a699tobd8dtob50dto45b7to5f6a0def1899
true,pyaes-0,false,2604476,2.601106643676758,2611776,8fe8d827toe4catof41fto0d70tof25eff3fe07e
true,dd-0,false,1112965,1.1090879440307615,1120389,f6235382to2dc7toe38fto707ftoae58929c11fb
true,pyaes-0,false,2629955,2.626326322555542,2637702,083b3f5cto071ctoec08to148dtoce0dbd6ca0cc
true,pyaes-0,false,2583620,2.5805046558380127,2590509,69c399cdto2be4toa5c2to31f3to5a424852a4f1
true,pyaes-0,false,2578921,2.5751664638519287,2585848,d3aa54eato9804todbf9to2ba1tod694adc765e1
true,cnn_image_classification-0,false,3730648,3.72703218460083,3737286,765d12a3to911ato05cbto3e9ftof2039fea5cbf
true,pyaes-0,false,2782184,2.778649091720581,2790307,556d93a7to9359tod78eto82eeto11581c269981
true,dd-0,false,1151764,1.147885799407959,1159179,37a10ec4to7a59to77abto810etode74592d55b7
true,cnn_image_classification-0,false,3215130,3.210662603378296,3222675,e2e4d904to9d73to8d1ato8681to9fa0f1c167a1
true,pyaes-0,false,2763393,2.7594571113586426,2770810,e7ed14eatoe5a1to9096to9c85to9c501569a5c0
true,cnn_image_classification-0,false,1748767,1.7446510791778564,1755993,8bdef1f2to699dtod51bto64c9to4c040f67ec62
true,pyaes-0,false,2782232,2.778916120529175,2789552,44123ed3tofe32to7f86to5d2dtoa7375c107a4c
true,pyaes-0,false,2830940,2.827065706253052,2838447,1e46650atoc533to912dto3bfeto02c933d15f67
true,cnn_image_classification-0,false,4004258,3.99985146522522,4011630,39bd8fc1toe3cetoc8d9to4ad0to1b123f331532
true,dd-0,false,1230102,1.2260925769805908,1237319,93153508tof0a2to6b1ctoa554to7bd133969505
true,pyaes-0,false,2807502,2.80366849899292,2815140,45876c96toe333toed2btob5abtoa5e9897ed608
true,cnn_image_classification-0,false,8423773,8.419076919555664,8431808,8a6ed62btob536toc8c3tod6ccto60745c013506
true,pyaes-0,false,2741886,2.738325357437134,2749482,7c9d5105to73c7tob3f6tob940to6382a8dc01d8
true,dd-0,false,1252811,1.2488648891448977,1260309,33d1dfcbto665ftoa47eto5c8dto1f960a4877a5
true,image_processing-0,false,2293375,2.2902371883392334,2300137,3d4ba688to3378to7371tofdd6to5e831ea6fd12
true,dd-0,false,1244839,1.2408182621002195,1252741,1e2db7c8to669ctoa330toa493to5ae47b27f841
true,cnn_image_classification-0,false,2048326,2.0442728996276855,2056017,a0f8fee8to1ca3tobdf5to8e90to5935f6524b73
true,pyaes-0,false,2717742,2.7143993377685547,2725204,a424a0ffto41f1todd81to7e8btod86dd6741e77
true,cnn_image_classification-0,false,3531618,3.5279300212860107,3538777,4fa746a0to526dto4726tod071to1e209e252016
true,pyaes-0,false,2729924,2.7259392738342285,2737460,89f45a3fto0b11toeef3to0468tod1eb3b230acb
true,pyaes-0,false,2637547,2.634101152420044,2645309,6939afc5to5579tofb21tod5d9to9fb6a7417360
true,image_processing-0,false,2180851,2.177374839782715,2187567,98ba6274tob021to10f0to5ea4toa0d8784267f7
true,pyaes-0,false,2616638,2.6134557723999023,2624026,62b15898to53efto0f9ctoe7cbtoabde4dcc208b
true,image_processing-0,false,2179756,2.1769323348999023,2186970,b963bbd8to6771to089fto208bto09f947d85a88
true,image_processing-0,false,2059797,2.0563931465148926,2067152,0deb106atoce29to1ab1to258etoaa64ff0393c7
true,image_processing-0,false,2093531,2.090386390686035,2101089,713037d0to7c9fto05f3to41cato50bc9dabc910
true,image_processing-0,false,2069627,2.066584348678589,2077648,162ea0bftofb27to84b9to096atoe7bdd8538e5a
true,pyaes-0,false,2577126,2.573697090148926,2585148,3fef37f7to4b66to2bfatoac02to24657f25043f
true,dd-0,false,1099469,1.0955424308776855,1106824,c1544d90to81a3to4022to9dd6to9966ed2ae142
true,pyaes-0,false,2594395,2.5907199382781982,2601942,f13b2d4btoace5to12a0to12bbto5fe6fea21942
true,cnn_image_classification-0,false,3640035,3.6362948417663574,3647512,e9a45d0eto1617todc5ctob694to52afde477dc4
true,image_processing-0,false,2102423,2.099377155303955,2110291,859fe140tobfddto0871to129ato0e984e5e7bec
true,pyaes-0,false,2596415,2.592750072479248,2603899,8f5b378bto5689to5022to752ato0631b171d90b
true,cnn_image_classification-0,false,3829884,3.824894666671753,3837375,fcd8acc4toae42to8c19tobe79toda27d971a74c
true,image_processing-0,false,2110357,2.1072378158569336,2117189,2363fb59toda85tof44ato7419tod5a1592f33ce
true,dd-0,false,1173013,1.169198513031006,1180777,979abfb3tod01eto992ctofe2btoab79e9ee8891
true,dd-0,false,1147139,1.143259048461914,1154560,328338deto64c8toaf76tob2e6to6c37b6a2bd3f
true,image_processing-0,false,2156647,2.1531965732574463,2163930,a7285100to9a00to1c08tob256tof61dfc2b9b38
true,image_processing-0,false,2113208,2.1100199222564697,2120821,c33e2cbeto7bb9to5280to4c96to25005935aaba
true,cnn_image_classification-0,false,1883818,1.8799653053283691,1890807,6b81384bto0e37tob136tof0afto2413dc737a06
true,dd-0,false,1098147,1.094362497329712,1105395,d1d2ba53toc60eto6831tof094tof7c38ac954f1
true,image_processing-0,false,2062809,2.0598039627075195,2069967,b0e35b58toe057to64dfto74c4tob4141a683bbb
true,image_processing-0,false,2064779,2.061300754547119,2072416,aada436fto07c4toe659toebb9to01d105a0a891
true,pyaes-0,false,2579585,2.576241970062256,2587145,69413373to748fto0d9bto11feto8e823a0a558a
true,image_processing-0,false,2068856,2.0656957626342773,2076415,40816328to6c91to5473toe3b1toaf5ca59a6b44
true,image_processing-0,false,2079460,2.076200246810913,2087130,bc85e8f0tof489to274ato5f60toc1be97568407
true,cnn_image_classification-0,false,3675719,3.6722652912139897,3682990,819778d5toe4e6to0e84to960ato5978e9a409a2
true,cnn_image_classification-0,false,8505281,8.500488758087158,8512720,4c620db7to96e2to3001to45ebto34b60d0eec1e
true,dd-0,false,1121013,1.1174085140228271,1128916,b4d70e82tobd7dto989ato80c2to89ad9e092103
true,pyaes-0,false,2629879,2.626166343688965,2637551,9199167dtodb66tod52bto4a22to2d915d9ca955
true,pyaes-0,false,2645834,2.642185926437378,2653325,b5e8b3b6tod976to388dtob5a7tocab0cc856dd2
true,dd-0,false,1177771,1.1738228797912598,1185764,37eb19bcto8887to4d0ctob624to1f8631f28de0
true,dd-0,false,1199106,1.1951706409454346,1206736,09d7eba2tocd23tod77ftob250toaf24b1e20664
true,pyaes-0,false,2584014,2.5801398754119873,2590408,ae29ccc7tob562to92deto830cto0d9391bb6d50
true,pyaes-0,false,2580096,2.576298236846924,2588102,71d4d5cbtob2c0to6ce8to5eebto62bba0f97758
true,cnn_image_classification-0,false,1915532,1.911811113357544,1922674,36bc01c2to1d3fto2692to4de4toecefebf506ed
true,dd-0,false,1131960,1.1285088062286377,1139388,4208c004to6a74to4658toaad3to62fbec8edcd7
true,dd-0,false,1184416,1.1807398796081543,1191740,58a3c844tobd86tof386to6733tocb424ea87a12
true,image_processing-0,false,2145926,2.142516851425171,2153491,0ce3edf2toca94to3a9btoad30tob3904de5148a
true,cnn_image_classification-0,false,3898063,3.8943352699279785,3906056,24401036to0ec1to5462to089eto3254c5d78b8b
true,cnn_image_classification-0,false,4030007,4.025797128677368,4037475,d35d7734to2cdato8761to098dto7f818e14d9b1
true,image_processing-0,false,2219892,2.2167513370513916,2227516,9eebf49ctod63eto956dtobf8ato005ab7b5493e
true,dd-0,false,1123813,1.1199121475219729,1131628,2cb9b5fatoe375toa098to811dto32d53af20f8d
true,image_processing-0,false,2162563,2.1591262817382813,2170169,506fa02ato5261to9d28to5b19tod3a355b48b45
true,dd-0,false,1116790,1.1128652095794678,1124324,a05251b0to7124to4be9toa8d7toe7edb8014926
true,pyaes-0,false,2650050,2.646206855773926,2658379,73fc2a79to712cto8f17to11ebto6b7542b5b18d
true,cnn_image_classification-0,false,2074813,2.071160316467285,2082754,12fd2a45toe09ctof491to4060to8974b9290622
true,cnn_image_classification-0,false,9985793,9.979496717453005,9993083,5f465403to9789todedcto30b9to84fc3eb74c20
true,image_processing-0,false,2155529,2.152038097381592,2163074,b19670b7to4b73to5624to1da8to79eca36d8dc8
true,dd-0,false,1158317,1.1548783779144287,1164817,aedae2b7to642eto95bbto4e89toa91959cd68fd
true,pyaes-0,false,2732744,2.72903823852539,2739605,49ad334ctobe0etob32dtobadftob73368cf27db
true,pyaes-0,false,2787424,2.7835073471069336,2795117,65cec3efto52fato1efatod892to5cca9a46f968
true,cnn_image_classification-0,false,8770001,8.765341997146606,8777026,f65c9f19tod44cto6ecdto98edto44f47475b77e
true,cnn_image_classification-0,false,3423887,3.418068170547486,3430034,cb36ccb5toc4a3tobe03toce70to5f1e935ac43e
true,cnn_image_classification-0,false,6968798,6.963112115859985,6975661,85afe107todddbtodb7cto3ae9to659fca7096cc
true,image_processing-0,false,2191214,2.1875274181365967,2198605,9e24b6c3to75a6to4feftoc2d3to01e9e6516c5b
true,dd-0,false,1230942,1.226733922958374,1238979,502f0684toae29tof0d4to3dbetobcbbf39a757f
true,dd-0,false,1249090,1.2450158596038818,1256609,4a2e9726to160dtofcc2toa9fatobb04635231c1
true,pyaes-0,false,2902417,2.899052381515503,2909457,4b2694c2to567ctoe390toe060tod0b8c1118766
true,cnn_image_classification-0,false,4580288,4.575866937637329,4587983,61065532tod107tof97ato01f3tof5174f7ec076
true,cnn_image_classification-0,false,9291736,9.286936521530151,9299798,8274db9eto473cto7bc3to5160tof6edfcb98678
true,dd-0,false,1291719,1.2878241539001465,1299237,7ee85084to7435to3955todfefto409ab75c8ed8
true,image_processing-0,false,2321543,2.317937135696411,2329589,181fe3b9tobd22to67e5to0d11to85cd96bf0504
true,image_processing-0,false,2335046,2.3313896656036377,2342640,da1138fctoebfbto8979to733fto93e1b95cb573
true,pyaes-0,false,2873393,2.8694937229156494,2881117,c31c2a7btoc936tob495to86d6to5dd085de7caa
true,cnn_image_classification-0,false,2409241,2.4047584533691406,2417096,152155bbto41b7tof15ato7b03to41760afc3169
true,dd-0,false,1282894,1.2794182300567627,1289746,ad31eef8to3350toe4b2tod061tod563c865c9e0
true,pyaes-0,false,2878610,2.8747894763946533,2885771,103e1af2to554cto3c5cto269dto17a700623fd0
true,image_processing-0,false,2323654,2.3201940059661865,2331032,efebe751tob208toa485to9e44tofbe17aa66e29
true,pyaes-0,false,2884780,2.881213903427124,2891367,983a2292to1facto817atodd6dto7698d8cf3317
true,pyaes-0,false,2854450,2.850306510925293,2862251,3eeb91b9toa910to7747to511dtoa0eb9f96cbe0
true,image_processing-0,false,2379864,2.376384973526001,2387017,24e4cd38toddfcto0996to3316to597fc07653f7
true,image_processing-0,false,2367547,2.3641066551208496,2374786,76d5d5dctoc5c7to4094todbc5to88f33742f768
true,dd-0,false,1339194,1.3351426124572754,1346193,a9252c7dto93b0to3188to8794to6c41f61643ab
true,dd-0,false,1303163,1.2992284297943115,1310556,ec44875cto64c1tobb2eto4604to351d5da3b284
true,dd-0,false,1318026,1.314453125,1324708,7320e79cto5f8ctode7eto7e08toddde89e4776d
true,pyaes-0,false,2636556,2.6329801082611084,2643778,4fd3c503toc395to2013to0480toebc62adb0def
true,image_processing-0,false,2138261,2.135626792907715,2145136,db71d2eetob89etof6a3to3ab8to87aaa8b7aaa2
true,cnn_image_classification-0,false,2141076,2.13641095161438,2148590,589302d7to4266to6e2dto9986tod56017b2b177
true,dd-0,false,1148675,1.1449978351593018,1156558,cebca730to7f92tob3ceto97ectoca2a49891a5f
true,image_processing-0,false,2112844,2.1095659732818604,2118880,360dbcb8toca5eto64b5to685dto32952ecb805c
true,pyaes-0,false,2610303,2.606741428375244,2618490,ee3030e1to97e7toede9tof0fctob374618c3a87
true,cnn_image_classification-0,false,4200169,4.196056127548218,4207838,31916694to7a5ftofd39toda91tofa695c72df3a
true,cnn_image_classification-0,false,3281946,3.2779617309570313,3290139,a5c8aeebto42ectoe651toed6cto594a7154462d
true,image_processing-0,false,2176626,2.1732707023620605,2184259,91380b0dtoe27fto8dadto5da9tod81b676a5563
true,cnn_image_classification-0,false,2336406,2.3327624797821045,2344433,15ff5032to366eto973bto6d21toc98431f69c87
true,cnn_image_classification-0,false,6949213,6.943418502807617,6956259,3601f281tobbdfto497btoc319toa77f1ad1061c
true,pyaes-0,false,2719276,2.7157278060913086,2726804,2aa19631to54d6toeda5toccfeto8bedde436561
true,pyaes-0,false,2690901,2.6871464252471924,2698388,a98d39ccto250fto8d32tob424to1a14fc139a63
true,image_processing-0,false,2273293,2.2698519229888916,2280803,6e58bd1ato4262tob7edto7f6btob65c0e157a8b
true,pyaes-0,false,2715887,2.7120726108551025,2723451,cafeb998to0eecto24dbto028btod8e7380e22d0
true,cnn_image_classification-0,false,4207751,4.203174829483032,4215457,653c6254to7052to4898to9b98toe55f7b1e927d
true,image_processing-0,false,2253120,2.2493762969970703,2260765,54ecc389to0828to510ato5f62to0645f9598b0b
true,dd-0,false,1211894,1.2079119682312012,1219614,853616ccto03eeto2608to02f6to44fd9db75b39
true,image_processing-0,false,2163265,2.1598072052001953,2170741,fb1589c2tobf3eto44beto89b9to819cdc94527b
true,cnn_image_classification-0,false,3632862,3.62899112701416,3640726,74ab9527toa29fto0192to9262tod10dfa30f02a
true,image_processing-0,false,2123643,2.1200804710388184,2131390,9c0cb8ddto0bbeto0206to228btoc2ef4338b3e9
true,cnn_image_classification-0,false,10572332,10.567003011703491,10579965,9cb7f3a5to1fcfto5a8btodbdbto04c6e47539e2
true,pyaes-0,false,2736573,2.7325632572174072,2744297,d583df26toe8f6to21e3toeedbto7bfff13bba38
true,cnn_image_classification-0,false,4653826,4.649649381637573,4661371,47fdbf7cto2436to2b45to254dtob5879d23da26
true,pyaes-0,false,2686977,2.6836605072021484,2694126,3459e71atofe6cto945bto26f1tobb012b0645ac
true,cnn_image_classification-0,false,10006440,10.001470565795898,10014005,2efd1de1to5b44tod263to09d4to1cf6da00a975
true,cnn_image_classification-0,false,2581810,2.5779941082000732,2589268,a1039efcto64f4tofe6dto2ecatobb5470215e40
true,dd-0,false,1206626,1.2027077674865725,1213694,bffd84bftoe19cto3aa9to34dato13b230c2ce5e
true,image_processing-0,false,2255812,2.252716064453125,2263877,4870de5ftoa7dbto1d5dto1755to245d5d42d0eb
true,cnn_image_classification-0,false,9691741,9.686771154403688,9699378,cecf4754tob546to8943to16e1to2cd134338631
true,cnn_image_classification-0,false,9965693,9.960561513900757,9973544,a6e49213to48f6to4b61tofb96to379b78c17fd1
true,cnn_image_classification-0,false,5761035,5.756301641464233,5769465,c4b430e1toe5b4toadb6to83ebto0ce7941ae6f4
true,pyaes-0,false,2796380,2.7920889854431152,2805745,7a4207c8to4e41to9cd5to09beto5b31d8e17710
true,image_processing-0,false,2256495,2.252578020095825,2264536,74463f86to185atoe406to3130to7d98e908ea2b
true,cnn_image_classification-0,false,5760430,5.756274223327637,5767695,c679d255to5f80toda2fto7f40toe4424774d88d
true,pyaes-0,false,2799968,2.796093225479126,2807795,dc05bd8ato53d0toe1f7to7b52to52fa245c92ff
true,cnn_image_classification-0,false,3853363,3.849311590194702,3861090,eafda97eto87aatod4e3to185btoae1b509dfa5a
true,dd-0,false,1283538,1.2798395156860352,1289939,137875aato21b5tocd1eto0e42to6ffff402c652
true,cnn_image_classification-0,false,2944195,2.9398810863494873,2951489,c71b544eto06b3to825ato80eatoc236cae2b63a
true,pyaes-0,false,2741811,2.737696409225464,2750088,c0d2796cto6049to9030to974dto8d2d9f091910
true,dd-0,false,1247072,1.242943525314331,1254360,7c72fac6to1634tof46btoc19dto571d57b0249d
true,cnn_image_classification-0,false,4685478,4.680757284164429,4692632,11a20c32to5db9to834fto2c3cto263bcbb77005
true,pyaes-0,false,2802257,2.7978579998016357,2810397,00682895toe3c5to91ccto5572to1a1aec11e508
true,pyaes-0,false,2727204,2.7231009006500244,2734960,ba5e4054tod847toa55etodf17to23358b70e968
true,image_processing-0,false,2284927,2.2812559604644775,2292620,10e0fc0cto18c2to9575toab0dto1dd8d943ccea
true,image_processing-0,false,2311284,2.307849884033203,2318840,fe0cccd7to61d7to0047to9ab7to3d51cf682936
true,dd-0,false,1297664,1.2932922840118408,1306240,dfa09396toc99atoa84ato8121toa6c484834584
true,dd-0,false,1274740,1.270766019821167,1282576,0766d90ato8afato8e33to5226to55160cf3b62b
true,dd-0,false,1242747,1.2388439178466797,1250763,82fdd3a8to16e1to6e9eto846fto82659e96ee8b
true,cnn_image_classification-0,false,5498349,5.4940996170043945,5505792,4c07dae5todec6tod065tob776to442bd16077c4
true,dd-0,false,1181018,1.1766839027404783,1189331,7ff70cd3to6651to41cbtoc26cto671eb1372849
true,dd-0,false,1186797,1.1827764511108398,1194358,14c64987to8058to7222tof72cto0b0180b239ba
true,cnn_image_classification-0,false,5557298,5.551501750946045,5564975,c4e8b165to5e0cto806ftoc91bto04a30ecaf4b7
true,cnn_image_classification-0,false,4621876,4.617724418640137,4629821,b5c0494eto589ato9377tocf89tof84c6c5bbfeb
true,cnn_image_classification-0,false,3956155,3.95221734046936,3963696,eee2f996tobaccto6675toadectof14b20d5b3b2
true,dd-0,false,1317658,1.313434362411499,1325814,7721b8f4to03f1toc7aeto8312tob980aaa70f24
true,image_processing-0,false,2378568,2.375145435333252,2385809,1c8267a4to56f8to62f1toe46ato39765fe380cd
true,pyaes-0,false,2781456,2.7775630950927734,2789047,f47e13c9toe56etod652to7a10toc0abc5fdb558
true,cnn_image_classification-0,false,3190749,3.186598062515259,3198495,d2295bcbto8362to7328to94dcto4b2f8a89111f
true,dd-0,false,1283798,1.2793643474578855,1291402,779088d5to570bto52eftoa4a1to715f55c53ab9
true,dd-0,false,1334184,1.3300909996032717,1341398,9cf44995tof9ddto8ce0to9d28to77a21b9bed89
true,pyaes-0,false,2796052,2.7922892570495605,2802448,26346104to33c1to93e3to907btof4e0561bbe13
true,dd-0,false,1320452,1.316694736480713,1327013,b941d344toced4to1a9etocb8fto783d0c87836d
true,cnn_image_classification-0,false,10040758,10.035758018493652,10048530,dc3352a7toc88ctod0b8to34e3to36af2b6c7bfd
true,dd-0,false,1226453,1.2220172882080078,1234336,e18047a2toc489to7e4bto05bcto9181cae4e0c7
true,image_processing-0,false,2119427,2.116126537322998,2126818,e22b6c4bto0fc3to5227tof497to44009342f96a
true,dd-0,false,1144812,1.1407668590545654,1152357,90cef955to1f46to8109tofac1toe3c0b54fb5c3
true,cnn_image_classification-0,false,8715276,8.710622549057007,8722977,c054e2d0toa0e7to47cfto4cd0toa6c3542352bd
true,image_processing-0,false,2373664,2.3701422214508057,2381505,e186f294todbf6to5838to9edbtoe108290484d7
true,dd-0,false,1195555,1.1916320323944092,1202529,bb725377to2ff0toac5fto8041toed02132cfb39
true,pyaes-0,false,2669049,2.665311336517334,2676210,b96df8e0to5a5bto7780to6f09to83c2625e967b
true,pyaes-0,false,2658810,2.6548831462860107,2666107,d27e1bc0to02c2tod8f5to21d4to29294d665bc1
true,image_processing-0,false,2191727,2.1886227130889893,2198914,6dd3145dtofa20to148etobfbftodc8336354e3c
true,dd-0,false,1200925,1.1971471309661863,1208209,91031410to6eafto14detof5e8to066091080684
true,image_processing-0,false,2230249,2.227304697036743,2237374,ac6fa95btoea50toe018toc5edtoff0ed9e1b2e7
true,pyaes-0,false,2753608,2.749819755554199,2761319,3624f9f5to0658tof94fto2715to3edf8847401c
true,pyaes-0,false,2784809,2.780766010284424,2792380,868e276eto5541toa094to6dfato3a43ec2325b8
true,pyaes-0,false,2768974,2.7650325298309326,2776748,155533b0toc426toa5fbto9080todf52e1317941
true,cnn_image_classification-0,false,5476174,5.472326040267944,5483148,977ccb0cto40abtoac78toe1f7to654b1e768334
true,image_processing-0,false,2295916,2.2926952838897705,2303061,1730c758todf41to9f49toc0e5toaafe76764e6a
true,dd-0,false,1245539,1.2420010566711426,1252242,64d7bda6to6ce8to9a19to947dto23a696e77112
true,dd-0,false,1240573,1.236661434173584,1248017,8f24a568tocd7eto78b9to09a2to000cb654dafa
true,cnn_image_classification-0,false,4947731,4.943751096725464,4954297,76484447toaff9toa10fto097eto20963ab7d4c3
true,dd-0,false,1253445,1.2497799396514893,1261120,9c40a073to172cto4ad3tod1f0toc1f4372692f2
true,image_processing-0,false,2197880,2.1949498653411865,2205115,928ad60dto5d2ato6b55tob07bto769fcf8df1fe
true,cnn_image_classification-0,false,5298357,5.292917013168335,5306022,77c4fca4to8226to97d8to3fdato8669559ff217
true,dd-0,false,1153447,1.149498462677002,1160934,2e9509c3toda1dto2644toe303tob34cd2f49cef
true,image_processing-0,false,2133032,2.129422664642334,2140582,508cfb87toef63tobee1toa9dbto185ce1400517
true,dd-0,false,1172326,1.168160915374756,1180517,c41da396to269cto679cto7157to73936cd21588
true,image_processing-0,false,2205606,2.2022550106048584,2212923,7c20e6d0to394dtoc5ccto3558tob0fbbf2fbd0a
true,image_processing-0,false,2287113,2.2838938236236572,2294346,3258d495to8f12tod019to5229to0ae9cf331ec3
true,dd-0,false,1137564,1.1338098049163818,1144809,6b3af51dtof0e3tofd18toc45ctod1804505f860
true,pyaes-0,false,2708074,2.7037980556488037,2716193,7ef8a9d2to553dtoe4c7to54a0to85bf1b5195fc
true,cnn_image_classification-0,false,3732143,3.72805118560791,3740261,1ceaa414tofcf2to307fto752dto957230ec21dd
true,pyaes-0,false,2797569,2.7937121391296387,2805264,32523c80to328bto46c4to09c9to8ab10de6c0a8
true,image_processing-0,false,2287656,2.28412127494812,2295112,b18de75ato4394todd39to7e89to7bb1b5ddd023
true,image_processing-0,false,2213462,2.2105259895324707,2220459,74a71ba3toa530toc218to8f41tod1e6325adf81
true,pyaes-0,false,2749858,2.745913505554199,2757973,c3fdf424to8429to0ad9to8ea5tobac7682adbf6
true,pyaes-0,false,2734240,2.7295608520507813,2740382,c60a2d41to53fctoa868to9c41to7bbb1b89c393
true,pyaes-0,false,2760655,2.756602048873902,2768312,123c30d8tocae6to90d7to0a65to7a866646cfe5
true,dd-0,false,1207420,1.2035367488861084,1214830,df5ad473to2875to19b4to5e20to105741498df4
true,dd-0,false,1253508,1.2494962215423584,1261034,d93271b8to7025to8004to46f9to55ae675ce7a3
true,cnn_image_classification-0,false,8920065,8.915290832519531,8927562,e726fe05to1211tob726tof1e3to9a870187b2a1
true,cnn_image_classification-0,false,5292677,5.288610219955444,5300389,867209d7toaaa2toad4dto7476to7b0532dc115c
true,dd-0,false,1230166,1.226487636566162,1236976,9d1ffd59tod531to49a7toeb3dto86728a3d8ac6
true,dd-0,false,1256130,1.252643585205078,1263279,bbb7bf69to3d08to6196to862dto3b9f36bf90bf
true,dd-0,false,1253512,1.2498271465301514,1260628,10d97c64tofddcto05c9to7766to68caf2325012
true,cnn_image_classification-0,false,5172925,5.1689441204071045,5179484,45f9646etocddbto9b22toe9f6todbaf7db45fe3
true,dd-0,false,1184374,1.180321455001831,1191874,fffd9324toe697to7d11to88d1to9ae768bca44d
true,image_processing-0,false,2203203,2.1999452114105225,2210350,47a20614tod85ftobab0to492eto8635fc567ed1
true,dd-0,false,1240934,1.2369499206542969,1248175,a7f260a3to8213tobc4fto7751to26a63cf5d431
true,dd-0,false,1177866,1.1740739345550537,1184625,2206b80fto1681tod286to79bbto2de5818dc392
true,cnn_image_classification-0,false,3603137,3.5986974239349365,3610660,1be78c1ato9ac9to1f22to0ef1toda6a45046178
true,image_processing-0,false,2208663,2.205996513366699,2216300,8b000c17to2d19to0dfato1b7dtof16bddb0dbd1
true,dd-0,false,1130444,1.127253532409668,1137485,58a262eatoa09btoe312to8fcctob36a48a7a2c1
true,pyaes-0,false,2603196,2.599799156188965,2610530,09507346to996ato663cto7711to2919305e8534
true,cnn_image_classification-0,false,4444390,4.440333127975464,4451700,dd9d5a60tob7b9to8267to339ato44eceaa50eb9
true,dd-0,false,1107444,1.103452205657959,1114721,93746231to9a19to07fcto0254toe907cec59c14
true,image_processing-0,false,2325248,2.321931838989258,2332561,eadf32edto3141to2ddetoae4cto972136200897
true,image_processing-0,false,2204914,2.2012813091278076,2212784,1b23b768to95f8todf10toe84atoe55a3ff7a36f
true,pyaes-0,false,2694290,2.690399408340454,2701620,243223fbto4433to1134to28bdto6609c8284762
true,pyaes-0,false,2689717,2.685682773590088,2696621,e00a7541toa228toe532to1f34toc29ab437a122
true,pyaes-0,false,2764664,2.7609517574310303,2772723,4fc08901to41f0to29beto1f3fto36695b13507f
true,image_processing-0,false,2246972,2.2435171604156494,2254438,f0ee51e1to0a8bto6f9btoa3a8to16356e9bb537
true,cnn_image_classification-0,false,4174531,4.169740915298462,4181527,c2728a54toe5d6to933ftoe506tocf3940fc0fd3
true,image_processing-0,false,2162943,2.1593587398529053,2169986,5d418a4eto13eato285etod2a7tof894f96b4666
true,dd-0,false,1275855,1.2719533443450928,1283001,0d6af94eto08ddtobe3dto5000to4820229c5b6f
true,dd-0,false,1267762,1.2641682624816897,1275178,b94baee2toc9fdto68fdtoe782to23c0de105d3d
true,pyaes-0,false,2819161,2.8153367042541504,2825995,d91d3c16to1be4to795dto3d0dto4111415f7779
true,dd-0,false,1269891,1.2661867141723633,1277564,0e91f2bctob29fto1ecbtobf44tod65c8e6f66f7
true,pyaes-0,false,2817726,2.814586877822876,2824840,49330e0eto8971tod93cto4ecbtod5cd68db118e
true,dd-0,false,1293012,1.289339542388916,1300806,23db83bdtoc378toc8e0tob384to5383a91d3766
true,cnn_image_classification-0,false,5726812,5.722421646118164,5734386,42c7289btof281toc7efto1a60to6c73e83b0040
true,image_processing-0,false,2509433,2.5058913230895996,2516501,eac6ac21tocd8btoad42to92ccto49bb8e72cef4
true,dd-0,false,1308005,1.3048231601715088,1314559,f206c65bto61b2to0e9fto54f9to8c46998776b1
true,dd-0,false,1301150,1.2972657680511477,1308828,8fa52eb1tof2fatof6c3tob917to185c878a1e8d
true,cnn_image_classification-0,false,5732983,5.728221654891968,5741158,3b0131dcto031eto6a5ftobbe0to01b1c6dfd320
true,cnn_image_classification-0,false,4779224,4.775428533554077,4786451,399cb056todf45to29b2to3b66tob5577739be0f
true,pyaes-0,false,2754052,2.750155448913574,2762223,e412b4c0tod15cto0834toe19atoa8921a7b30dc
true,dd-0,false,1293812,1.289673089981079,1302656,e8b873c4to8dc5to1f6dtoc9b3to43c74e6d90a1
true,pyaes-0,false,2788536,2.7845616340637207,2795983,78f48e45to2c8ato7810tob1d1to9911b5356a89
true,image_processing-0,false,2232979,2.229994297027588,2240114,3807e1f3to1ef2to69e3to4f16to0b43048b043d
true,dd-0,false,1215344,1.2112832069396973,1222011,aa1f0a0dto426eto733fto5309to18df601c70c2
true,cnn_image_classification-0,false,9689579,9.684249877929688,9697015,9ec4177eto2692to4513to6ddato415e190f63ea
true,cnn_image_classification-0,false,10541298,10.536381244659424,10548813,3cec32aetod4adto6b7etoad74to65209efdfe28
true,image_processing-0,false,2288820,2.285154104232788,2296267,f9cc00eeto0944to5953tod1b5to32b9295f91fa
true,pyaes-0,false,2788485,2.78468656539917,2796444,d89dac8dtobfb1to9bccto724ato846b63e31606
true,cnn_image_classification-0,false,2897678,2.893911600112915,2905695,5922f5e1to7ed9to9ae1toaa85to9272388cca66
true,cnn_image_classification-0,false,9178659,9.17324709892273,9185883,0d49f8cfto9e5dto5412toabd0to043d555bb0ee
true,image_processing-0,false,2184651,2.181089162826538,2192083,47ad90aftoc3aetoe3bdtoa2a3toc8eb5b8ce232
true,dd-0,false,1194917,1.190803050994873,1202137,85f1470btodc23to4b78toc644tocb668993109c
true,image_processing-0,false,2216219,2.2127935886383057,2223355,b19a2cbato52f7todb7fto433bto26340a319555
true,image_processing-0,false,2198489,2.1949105262756348,2205895,3c3d7a1bto8971toa795tobf66to1024bd761848
true,dd-0,false,1225189,1.221107006072998,1232931,60fa902atoa547to67e4to2557to55aec58a4581
true,pyaes-0,false,2753040,2.74912691116333,2759756,fda60843to3f4eto2568toe545toe09bc5d28553
true,cnn_image_classification-0,false,2880050,2.8764164447784424,2885987,d1e56ebeto1466to1cfatoefe2to27ad35cc75b1
true,image_processing-0,false,2303168,2.29976224899292,2310995,ceb22625to8364to5d5ato1db8to7c597b9eb7df
true,cnn_image_classification-0,false,4169095,4.165571451187134,4177019,9a875061to9d9eto5e08tof34fto34cd752ecb8c
true,cnn_image_classification-0,false,9327638,9.322264671325684,9335379,dc419efetoa28ato34b9tob102to50562df6f8ae
true,cnn_image_classification-0,false,4965166,4.96070671081543,4973520,6c2aa021to4f67tob743toe8b0to62f0ca028bf6
true,dd-0,false,1206064,1.2020013332366943,1213797,83962629to5f26to1890to9651to0d67eaf96c23
true,pyaes-0,false,2815262,2.8110878467559814,2823183,8d37d738to5c16to6a3eto2db2to6f31943b5d34
true,image_processing-0,false,2233044,2.2293481826782227,2241037,be8a927bto40e7tob9bdtodc7etoc25a97c54ce9
true,image_processing-0,false,2305293,2.301875114440918,2312602,a36cbe01to7437to58f4tobde8toaa8c5527b6cb
true,pyaes-0,false,2734831,2.730844736099243,2741624,ca52662dtoaae8to8d67tod4dfto43268a891495
true,cnn_image_classification-0,false,5694821,5.690598487854004,5702723,8f2bddc5tof1f4todfa2to3d37toded04903b15c
true,cnn_image_classification-0,false,5693432,5.688852548599243,5701688,8351d9dato6fa8to841atoe625toe4d0bd057ff8
true,dd-0,false,1180550,1.17667818069458,1187619,4360b76cto8975toa23eto5099to7342de9c7301
true,dd-0,false,1255184,1.2511005401611328,1262934,fe4e3d4dtod862tofaedto48d8to8bd48f119169
true,pyaes-0,false,2650464,2.646578073501587,2658118,314c0f03to00ebtoe2aetodfd3toa0433858e0f5
true,cnn_image_classification-0,false,2934558,2.9296715259552,2942104,3b123725tof255to1e59toe01ctocf2e9ae1f090
true,pyaes-0,false,2612320,2.6083648204803467,2619939,17c26a12tob158to8518toca18to1c46809300ba
true,pyaes-0,false,2619774,2.6159963607788086,2627358,251c8a83tob116to5e00to838eto4b9b5119253f
true,cnn_image_classification-0,false,4139917,4.13593602180481,4147468,669b72eftod9f9to4362tob718to5b57848d1108
true,cnn_image_classification-0,false,4762653,4.7575178146362305,4770743,821dc619to2621to66dato0d87toed6520ed5f86
true,pyaes-0,false,2578901,2.5753402709960938,2586334,4162b567toa11fto93f8to0127tocdd86a975947
true,cnn_image_classification-0,false,5691534,5.687687635421753,5699482,9864f1d3to5660to5759to3447to5a4f8367e61e
true,cnn_image_classification-0,false,9983874,9.97894525527954,9991239,aa66e300to2731toe6bdto8cd4to36af6b725194
true,cnn_image_classification-0,false,3006963,3.002238512039185,3013963,1e048a50to0dd8toa369tofd86to804a44dd649c
true,image_processing-0,false,2227671,2.224208116531372,2235716,a82ce122to7f68toe48ato818eto4057faf32bf7
true,cnn_image_classification-0,false,8890380,8.88435411453247,8897968,63c66f0atoe1a8to1853to2db3to00cf139035b7
true,image_processing-0,false,2278878,2.2752575874328613,2285375,f6202560to5fabtoaea9toda9etod045c784d70c
true,cnn_image_classification-0,false,5752916,5.749350547790527,5760582,d0ec1ebbto61eeto6e61tod6d0to809aa56cc37b
true,pyaes-0,false,2765368,2.7615880966186523,2772924,2f8845e6toeb76tod9adto717ctoc0f0db71ebbe
true,image_processing-0,false,2242025,2.2384262084960938,2250015,bca98f19to593ctoc766to9bf5to481571d48806
true,image_processing-0,false,2230918,2.227327346801758,2238449,77d13396tod215to5d02to1e50to90340384fc6b
true,pyaes-0,false,2715325,2.7116758823394775,2722401,c9b5e05fto4261tod9a5to3a13toe5fd74010acb
true,image_processing-0,false,2369087,2.365550994873047,2376631,a0839166toc7f1to8b7ftoe076to10b09da0e233
true,cnn_image_classification-0,false,4110543,4.106707811355591,4118051,39e036ectof5c2to9fe7toc25eto47a955c81891
true,pyaes-0,false,2735009,2.7311453819274902,2742387,6f877afftoe32bto7038to8450to70af71eda7e2
true,cnn_image_classification-0,false,8949554,8.944375038146973,8957287,116d7f61to3a95to1908to8a4bto692ea5cc7231
true,pyaes-0,false,2680945,2.6772780418395996,2687977,043ade4ato60dbtoffc1to7e80to299cb6329245
true,cnn_image_classification-0,false,4782703,4.778653621673584,4790723,f584c2bato7609toba3fto02cbto65721066c560
true,cnn_image_classification-0,false,3104488,3.1004879474639893,3111826,e3b8868dto24d8to37d7to007eto830ac3d538cb
true,pyaes-0,false,2532245,2.528555393218994,2539458,c057b059toeaa3to615bto5caato31beb46a08d8
true,image_processing-0,false,2199341,2.1957244873046875,2206887,b538745btobe33to579btoff56toc26c30d86d89
true,cnn_image_classification-0,false,5447181,5.443267345428467,5454636,2ba801b9to11fatocb07tod05ftoa571b5660043
true,pyaes-0,false,2630497,2.626859664916992,2637929,9b3366b8to0f41todee2to3db8to598b34950b07
true,pyaes-0,false,2729542,2.725813388824463,2736903,72f27f81to14e1tobff0to67dfto73492f87c6c4
true,image_processing-0,false,2222395,2.2188496589660645,2229242,efefeaadtodbd2to0735to0256to5dabdf2eb68e
true,pyaes-0,false,2673329,2.670349359512329,2680608,c1592d7dtobe09to1516to72dbtofbf17fea2f46
true,cnn_image_classification-0,false,3088106,3.0843565464019775,3095277,ed90f3d6to7b48to59a2to1a1atoccfb1c82ad37
true,pyaes-0,false,2786308,2.7827508449554443,2793650,bc9736d7toa75ato82e4to3c5cto653435e43805
true,image_processing-0,false,2238037,2.234666347503662,2245020,ae1c2d6bto02f9to3a1cto4266to36c7b4784afc
true,image_processing-0,false,2379734,2.376494884490967,2386973,22e6db17to989fto597bto2ecdtoc20668d4962e
true,pyaes-0,false,2801898,2.798090696334839,2809253,63039afcto9420to80bbto144ftoe162864eac0c
true,image_processing-0,false,2188186,2.1850104331970215,2195562,87b55439to7d60toab1bto1d65to4d29af33ff91
true,pyaes-0,false,2706754,2.7028348445892334,2714340,4bd391a9toe1f1to83d7to9e65tocd9eea41861c
true,pyaes-0,false,2638274,2.634852170944214,2645336,6d35c0fbto7731tof8c5to744dto23643a742deb
true,image_processing-0,false,2109979,2.106924295425415,2117486,6c0263ffto969ctoaa48tob9beto77fbed0115e9
true,pyaes-0,false,2602442,2.599348306655884,2609825,0aec09c0to96bdtod546tod41eto6c1c206fca1a
true,image_processing-0,false,2132801,2.129591464996338,2139851,93877c96toed69to2fd1to8240tofff7d7370e4e
true,cnn_image_classification-0,false,9559667,9.554264068603516,9567039,ed614a1eto0e6fto531bto0b2fto6ad87a279d4d
true,image_processing-0,false,2044720,2.041537284851074,2052330,98e30c51toef8bto464dtoa3a8to0ac4b1797924
true,cnn_image_classification-0,false,8812173,8.807777881622314,8819406,e5792f3cto3633to09eato03e6to36f634a3469f
true,cnn_image_classification-0,false,5756526,5.752790212631226,5764316,e2f0aa32to431etob8f1toc83fto3520133b13cb
true,cnn_image_classification-0,false,3079746,3.0752549171447754,3087132,fc56159bto1241to8fdcto9ffdtodb7bca84c49f
true,pyaes-0,false,2528386,2.5250661373138428,2535929,16c30473to6a8dto3d21toe651to68f3bfe5fbee
true,image_processing-0,false,2060847,2.058034658432007,2068410,4e74534ato81cdto0bf3tode7ctoce8c7e76627c
true,cnn_image_classification-0,false,8610013,8.605182647705078,8617983,992e0fe3tocbf6toccc0toe3a3to544e83349d79
true,cnn_image_classification-0,false,4899524,4.895211219787598,4907681,14405896to1ab6tod765to36cetocf691211b744
true,pyaes-0,false,2600881,2.59717059135437,2608910,216a8210toc7c5toddbcto853fto4aa18726b208
true,cnn_image_classification-0,false,5595759,5.591634035110474,5603389,a4844146to3259to6b50to2013to3ff15147f587
true,cnn_image_classification-0,false,3267428,3.2621731758117676,3275588,9bf8a264to7e74to7d07tocf43to09f80ee01ccb
true,cnn_image_classification-0,false,4130906,4.12710428237915,4137909,c4200c20to388atob6c9tod28cto4724837fc165
true,cnn_image_classification-0,false,5612840,5.60855507850647,5621303,0f269b4ftoefe2toac04tob943to84f4fa606eb3
true,cnn_image_classification-0,false,4661727,4.657479763031006,4669668,d61440e8to31f6to8bfatof065to313477c6bd9c
true,cnn_image_classification-0,false,9472674,9.467770338058472,9480294,55458299to4f86to7381toa7a5to53fe2684d883
true,cnn_image_classification-0,false,8378148,8.373680830001831,8385982,ecebfae5to2113to58ccto07a8tof33355e5dc9b
true,cnn_image_classification-0,false,4034430,4.030729293823242,4042206,ec188a6dto8474to2868to38acto4f5e74df1ae6
true,cnn_image_classification-0,false,8688260,8.683590173721313,8695715,298f6ef9to3750toc89dto3002to3d592aca1ebf
true,cnn_image_classification-0,false,5745624,5.741576433181763,5753821,2e2ccae4toffddtoe2adtob97dto7c02a7f842e7
true,cnn_image_classification-0,false,4816224,4.812379360198975,4823857,d2e21832tob9ccto72dbto9356to430d42c0571f
